"account.Id","account.Owner.Role.RolePath","account.Opportunity.Id","account.Name","account.Owner.FullPhotoUrl","account.Owner.UniqueUserName","account.Owner.UserManager.UniqueUserName","account.LastModifiedDate","account.Owner.Role.Hierarchy_RoleNames","account.OwnerId","account.Owner.Name","account.Opportunity.Owner.Name","account.Owner.Role.RoleNamesPath","account.Owner.Role.RoleNames","account.Owner.Role.ParentRole.ForecastManager.UniqueUserName","account.AccountSource","account.Owner.UserRoleId","ACCOUNT","account.hasOpportunity","BRAVO_USAGE_USD_AVG_rangeBucket","account.CustomFilter","account.Owner.Role.ParentRole.Name","account.BillingState","account.Owner.UserManager.Name","account.CreatedDate","account.Owner.Role.Name","account.Opportunity.Name","account.Owner.Role.ParentRoleId","DATE_Year_Month","account.Owner.Role.ParentRole.DeveloperName","account.Owner.Role.Roles","account.Owner.SmallPhotoUrl","account.Industry","account.Type","account.Owner.Username","account.AccountName","account.Owner.UserManagerNames","account.Owner.Role.DeveloperName","account.ShippingState","BRAVO_USAGE_USD_AVG","account.AnnualRevenue","account.NumberOfEmployees","formula"
"0015w00002DFNZQAA5","00E5w000004erM7EAI/00E5w000004erM0EAI/00E5w000004erLvEAI","0065w000022R24MAAS","InterAmerica Technologies","https://samennis-20200526-demo--c.documentforce.com/profilephoto/7295w000000W2mq/F","Alexander Cruz",,"2020-05-27T03:51:50.000Z","Alexander Cruz","0055w00000D4KBdAAN","Alexander Cruz","Alexander Cruz","Alexander Cruz/Edwin Tucker/Elliot Executive/Sam Ennis","Alexander Cruz","Edwin Tucker","Website","00E5w000004erM5EAI","InterAmerica Technologies","true","Medium","true","RVP East","MA",,"2020-05-11T07:00:00.000Z","East Sales","InterAmerica Technologies 111","00E5w000004erM7EAI","2019_07","RVPEast","00E5w000004erLvEAI","https://samennis-20200526-demo--c.documentforce.com/profilephoto/7295w000000W2mq/T","Engineering","Corporate","acruz1590550477724@demo.user","InterAmerica Technologies","Alexander Cruz","EastSales",,72.2348,4035000,86,72
"0015w00002DFNpUAAX","00E5w000004erLxEAI/00E5w000004erM0EAI/00E5w000004erLvEAI","0065w000022R2OmAAK","Baron Group Inc","https://samennis-20200526-demo--c.documentforce.com/profilephoto/7295w000000W2ne/F","Robin Montgomery",,"2020-05-27T03:53:44.000Z","Elliot Executive","0055w00000D4KBnAAN","Robin Montgomery","Robin Montgomery","Robin Montgomery/John Chen/Elliot Executive/Sam Ennis","Elliot Executive","John Chen","Inbound Call","00E5w000004erLwEAI","Baron Group Inc","true","Low","true","RVP Central","NJ",,"2020-02-19T08:00:00.000Z","Central Sales","Baron Group Inc 118","00E5w000004erLxEAI","2019_07","RVPCentral","00E5w000004erLvEAI","https://samennis-20200526-demo--c.documentforce.com/profilephoto/7295w000000W2ne/T","Manufacturing","Corporate","rmontgom1590550477800@demo.user","Baron Group Inc","Robin Montgomery","CentralSales",,3.9358,5782000,153,4
"0015w00002DFNyEAAX","00E5w000004erLzEAI/00E5w000004erM0EAI/00E5w000004erLvEAI","0065w000022R2asAAC","Intersolutions Inc","https://samennis-20200526-demo--c.documentforce.com/profilephoto/7295w000000W2mR/F","Brandy Mullins",,"2020-05-27T03:54:24.000Z","Andrew Martin","0055w00000D4KBgAAN","Brandy Mullins","Brandy Mullins","Brandy Mullins/Andrew Martin/Elliot Executive/Sam Ennis","Andrew Martin","Andrew Martin","Data.com","00E5w000004erLyEAI","Intersolutions Inc","true","Low","true","RVP West","AK",,"2019-04-07T07:00:00.000Z","West Sales","Intersolutions Inc 40","00E5w000004erLzEAI","2019_07","RVPWest","00E5w000004erLvEAI","https://samennis-20200526-demo--c.documentforce.com/profilephoto/7295w000000W2mR/T","Government","Corporate","bmullins1590550477755@demo.user","Intersolutions Inc","Brandy Mullins","WestSales",,11.5534,9099000,41702,12
"0015w00002DFOD8AAP","00E5w000004erLxEAI/00E5w000004erM0EAI/00E5w000004erLvEAI","0065w000022R2tWAAS","Navagate","https://samennis-20200526-demo--c.documentforce.com/profilephoto/7295w000000W2nZ/F","Michelle Stanley",,"2020-05-27T03:56:17.000Z","Elliot Executive","0055w00000D4KBrAAN","Michelle Stanley","Michelle Stanley","Michelle Stanley/John Chen/Elliot Executive/Sam Ennis","Elliot Executive","John Chen","Cold Call","00E5w000004erLwEAI","Navagate","true","Medium","true","RVP Central","NE",,"2019-12-29T08:00:00.000Z","Central Sales","Navagate 245","00E5w000004erLxEAI","2019_07","RVPCentral","00E5w000004erLvEAI","https://samennis-20200526-demo--c.documentforce.com/profilephoto/7295w000000W2nZ/T","Education","T100","mstanley1590550477825@demo.user","Navagate","Michelle Stanley","CentralSales",,64.1667,4569487000,104162,64
"0015w00002DFNewAAH","00E5w000004erM7EAI/00E5w000004erM0EAI/00E5w000004erLvEAI","0065w000022R2B9AAK","Carpet One","https://samennis-20200526-demo--c.documentforce.com/profilephoto/7295w000000W2n5/F","Steven Mathis",,"2020-05-27T03:52:11.000Z","Edwin Tucker","0055w00000D4KBlAAN","Steven Mathis","Steven Mathis","Steven Mathis/Edwin Tucker/Elliot Executive/Sam Ennis","Edwin Tucker","Edwin Tucker","Cold Call","00E5w000004erM5EAI","Carpet One","true","Low","true","RVP East","VT",,"2018-08-14T07:00:00.000Z","East Sales","Carpet One 18","00E5w000004erM7EAI","2019_08","RVPEast","00E5w000004erLvEAI","https://samennis-20200526-demo--c.documentforce.com/profilephoto/7295w000000W2n5/T","Apparel","Corporate","smathis1590550477787@demo.user","Carpet One","Steven Mathis","EastSales",,1.68,7924000,77,2
"0015w00002DFNuLAAX","00E5w000004erLxEAI/00E5w000004erM0EAI/00E5w000004erLvEAI","0065w000022R2VTAA0","Georgeshao, Inc","https://samennis-20200526-demo--c.documentforce.com/profilephoto/7295w000000W2nZ/F","Michelle Stanley",,"2020-05-27T03:54:04.000Z","Elliot Executive","0055w00000D4KBrAAN","Michelle Stanley","Michelle Stanley","Michelle Stanley/John Chen/Elliot Executive/Sam Ennis","Elliot Executive","John Chen","Social Media","00E5w000004erLwEAI","Georgeshao, Inc","true","Low","true","RVP Central","NY",,"2019-06-20T07:00:00.000Z","Central Sales","Georgeshao, Inc 249","00E5w000004erLxEAI","2019_08","RVPCentral","00E5w000004erLvEAI","https://samennis-20200526-demo--c.documentforce.com/profilephoto/7295w000000W2nZ/T","Construction","Corporate","mstanley1590550477825@demo.user","Georgeshao, Inc","Michelle Stanley","CentralSales",,0,3709000,242,0
"0015w00002DFNjeAAH","00E5w000004erLxEAI/00E5w000004erM0EAI/00E5w000004erLvEAI","0065w000022R2H9AAK","Intelsat Corporation","https://samennis-20200526-demo--c.documentforce.com/profilephoto/7295w000000W2nZ/F","Michelle Stanley",,"2020-05-27T03:52:30.000Z","Elliot Executive","0055w00000D4KBrAAN","Michelle Stanley","Michelle Stanley","Michelle Stanley/John Chen/Elliot Executive/Sam Ennis","Elliot Executive","John Chen","Marketing Event","00E5w000004erLwEAI","Intelsat Corporation","true","High","true","RVP Central","LA",,"2019-05-26T07:00:00.000Z","Central Sales","Intelsat Corporation 11","00E5w000004erLxEAI","2019_08","RVPCentral","00E5w000004erLvEAI","https://samennis-20200526-demo--c.documentforce.com/profilephoto/7295w000000W2nZ/T","Education","Corporate","mstanley1590550477825@demo.user","Intelsat Corporation","Michelle Stanley","CentralSales",,258.063,8056000,178,258
"0015w00002DFNVjAAP","00E5w000004erLxEAI/00E5w000004erM0EAI/00E5w000004erLvEAI","0065w000022R1zVAAS","F5(formerly Uroam )(formerly Filanet Cor","https://samennis-20200526-demo--c.documentforce.com/profilephoto/7295w000000W2ne/F","Robin Montgomery",,"2020-05-27T03:51:31.000Z","Elliot Executive","0055w00000D4KBnAAN","Robin Montgomery","Robin Montgomery","Robin Montgomery/John Chen/Elliot Executive/Sam Ennis","Elliot Executive","John Chen","Website","00E5w000004erLwEAI","F5(formerly Uroam )(formerly Filanet Cor","true","Low","true","RVP Central","IN",,"2019-11-09T08:00:00.000Z","Central Sales","F5(formerly Uroam )(formerly Filanet Cor 201","00E5w000004erLxEAI","2019_08","RVPCentral","00E5w000004erLvEAI","https://samennis-20200526-demo--c.documentforce.com/profilephoto/7295w000000W2ne/T","Energy","Corporate","rmontgom1590550477800@demo.user","F5(formerly Uroam )(formerly Filanet Cor","Robin Montgomery","CentralSales",,0.9032,3359000,180,1
"0015w00002DFNLUAA5","00E5w000004erLxEAI/00E5w000004erM0EAI/00E5w000004erLvEAI","0065w000022R1lOAAS","Arbitration Solutions","https://samennis-20200526-demo--c.documentforce.com/profilephoto/7295w000000W2nU/F","Rebecca Gonzalez",,"2020-05-27T03:49:40.000Z","Elliot Executive","0055w00000D4KBtAAN","Rebecca Gonzalez","Rebecca Gonzalez","Rebecca Gonzalez/John Chen/Elliot Executive/Sam Ennis","Elliot Executive","John Chen","Data.com","00E5w000004erLwEAI","Arbitration Solutions","true","Medium","true","RVP Central","MO",,"2019-08-20T07:00:00.000Z","Central Sales","Arbitration Solutions 38","00E5w000004erLxEAI","2019_08","RVPCentral","00E5w000004erLvEAI","https://samennis-20200526-demo--c.documentforce.com/profilephoto/7295w000000W2nU/T","Retail","Corporate","rgonzale1590550477838@demo.user","Arbitration Solutions","Rebecca Gonzalez","CentralSales",,81.2783,3532000,112,81
"0015w00002DFO9uAAH","00E5w000004erLxEAI/00E5w000004erM0EAI/00E5w000004erLvEAI","0065w000022R2pOAAS","Johns-Byrne Company","https://samennis-20200526-demo--c.documentforce.com/profilephoto/7295w000000W2mW/F","Crystal Stevens",,"2020-05-27T03:56:04.000Z","Crystal Stevens","0055w00000D4KBsAAN","Crystal Stevens","Crystal Stevens","Crystal Stevens/John Chen/Elliot Executive/Sam Ennis","Crystal Stevens","John Chen","Partner","00E5w000004erLwEAI","Johns-Byrne Company","true","Low","true","RVP Central","NJ",,"2019-03-04T08:00:00.000Z","Central Sales","Johns-Byrne Company 20","00E5w000004erLxEAI","2019_08","RVPCentral","00E5w000004erLvEAI","https://samennis-20200526-demo--c.documentforce.com/profilephoto/7295w000000W2mW/T","Healthcare & Life Sciences","Enterprise","cstevens1590550477831@demo.user","Johns-Byrne Company","Crystal Stevens","CentralSales",,0,1692396000,90653,0
"0015w00002DFNdoAAH","00E5w000004erLxEAI/00E5w000004erM0EAI/00E5w000004erLvEAI","0065w000022R29mAAC","Computercare","https://samennis-20200526-demo--c.documentforce.com/profilephoto/7295w000000W2mW/F","Crystal Stevens",,"2020-05-27T03:52:01.000Z","Crystal Stevens","0055w00000D4KBsAAN","Crystal Stevens","Crystal Stevens","Crystal Stevens/John Chen/Elliot Executive/Sam Ennis","Crystal Stevens","John Chen","Partner","00E5w000004erLwEAI","Computercare","true","Low","true","RVP Central","OK",,"2018-11-22T08:00:00.000Z","Central Sales","Computercare 126","00E5w000004erLxEAI","2019_08","RVPCentral","00E5w000004erLvEAI","https://samennis-20200526-demo--c.documentforce.com/profilephoto/7295w000000W2mW/T","Financial Services","Corporate","cstevens1590550477831@demo.user","Computercare","Crystal Stevens","CentralSales",,7,5148000,156,7
"0015w00002DFNnNAAX","00E5w000004erM7EAI/00E5w000004erM0EAI/00E5w000004erLvEAI","0065w000022R2LwAAK","Xerox Corporation - Houston","https://samennis-20200526-demo--c.documentforce.com/profilephoto/7295w000000W2ml/F","Craig Arnold",,"2020-05-27T03:53:44.000Z","Craig Arnold","0055w00000D4KBjAAN","Craig Arnold","Craig Arnold","Craig Arnold/Edwin Tucker/Elliot Executive/Sam Ennis","Craig Arnold","Edwin Tucker","Inbound Call","00E5w000004erM5EAI","Xerox Corporation - Houston","true","Medium","true","RVP East","CT",,"2018-10-13T07:00:00.000Z","East Sales","Xerox Corporation - Houston 99","00E5w000004erM7EAI","2019_08","RVPEast","00E5w000004erLvEAI","https://samennis-20200526-demo--c.documentforce.com/profilephoto/7295w000000W2ml/T","Entertainment","Corporate","carnold1590550477775@demo.user","Xerox Corporation - Houston","Craig Arnold","EastSales",,99.4,2549000,204,99
"0015w00002DFNjeAAH","00E5w000004erLxEAI/00E5w000004erM0EAI/00E5w000004erLvEAI","0065w000022R2H9AAK","Intelsat Corporation","https://samennis-20200526-demo--c.documentforce.com/profilephoto/7295w000000W2nZ/F","Michelle Stanley",,"2020-05-27T03:52:30.000Z","Elliot Executive","0055w00000D4KBrAAN","Michelle Stanley","Michelle Stanley","Michelle Stanley/John Chen/Elliot Executive/Sam Ennis","Elliot Executive","John Chen","Marketing Event","00E5w000004erLwEAI","Intelsat Corporation","true","High","true","RVP Central","LA",,"2019-05-26T07:00:00.000Z","Central Sales","Intelsat Corporation 11","00E5w000004erLxEAI","2019_09","RVPCentral","00E5w000004erLvEAI","https://samennis-20200526-demo--c.documentforce.com/profilephoto/7295w000000W2nZ/T","Education","Corporate","mstanley1590550477825@demo.user","Intelsat Corporation","Michelle Stanley","CentralSales",,265.85,8056000,178,266
"0015w00002DFNVJAA5","00E5w000004erLxEAI/00E5w000004erM0EAI/00E5w000004erLvEAI","0065w000022R1ywAAC","Acutherm","https://samennis-20200526-demo--c.documentforce.com/profilephoto/7295w000000W2mW/F","Crystal Stevens",,"2020-05-27T03:51:31.000Z","Crystal Stevens","0055w00000D4KBsAAN","Crystal Stevens","Crystal Stevens","Crystal Stevens/John Chen/Elliot Executive/Sam Ennis","Crystal Stevens","John Chen","Referral","00E5w000004erLwEAI","Acutherm","true","High","true","RVP Central","IL",,"2019-11-17T08:00:00.000Z","Central Sales","Acutherm 197","00E5w000004erLxEAI","2019_09","RVPCentral","00E5w000004erLvEAI","https://samennis-20200526-demo--c.documentforce.com/profilephoto/7295w000000W2mW/T","Banking","Corporate","cstevens1590550477831@demo.user","Acutherm","Crystal Stevens","CentralSales",,109.5627,7625000,68,110
"0015w00002DFNEVAA5","00E5w000004erLzEAI/00E5w000004erM0EAI/00E5w000004erLvEAI","0065w000022R1bbAAC","Kjr 950 Am","https://samennis-20200526-demo--c.documentforce.com/profilephoto/7295w000000W2nF/F","Mary Powers",,"2020-05-27T03:49:09.000Z","Andrew Martin","0055w00000D4KBeAAN","Mary Powers","Mary Powers","Mary Powers/Andrew Martin/Elliot Executive/Sam Ennis","Andrew Martin","Andrew Martin","Social Media","00E5w000004erLyEAI","Kjr 950 Am","true","Low","true","RVP West","WA",,"2018-08-12T07:00:00.000Z","West Sales","Kjr 950 Am 121","00E5w000004erLzEAI","2019_09","RVPWest","00E5w000004erLvEAI","https://samennis-20200526-demo--c.documentforce.com/profilephoto/7295w000000W2nF/T","Energy","Corporate","mpowers1590550477739@demo.user","Kjr 950 Am","Mary Powers","WestSales",,43.4259,4728000,130,43
"0015w00002DFNYkAAP","00E5w000004erLzEAI/00E5w000004erM0EAI/00E5w000004erLvEAI","0065w000022R23TAAS","Sales Consultants","https://samennis-20200526-demo--c.documentforce.com/profilephoto/7295w000000W2nF/F","Mary Powers",,"2020-05-27T03:51:40.000Z","Andrew Martin","0055w00000D4KBeAAN","Mary Powers","Mary Powers","Mary Powers/Andrew Martin/Elliot Executive/Sam Ennis","Andrew Martin","Andrew Martin","Referral","00E5w000004erLyEAI","Sales Consultants","true","Low","true","RVP West","AK",,"2018-08-27T07:00:00.000Z","West Sales","Sales Consultants 226","00E5w000004erLzEAI","2019_09","RVPWest","00E5w000004erLvEAI","https://samennis-20200526-demo--c.documentforce.com/profilephoto/7295w000000W2nF/T","Recreation","Corporate","mpowers1590550477739@demo.user","Sales Consultants","Mary Powers","WestSales",,0,3619000,102,0
"0015w00002DFNlMAAX","00E5w000004erLxEAI/00E5w000004erM0EAI/00E5w000004erLvEAI","0065w000022R2JWAA0","NYSE Governance Services","https://samennis-20200526-demo--c.documentforce.com/profilephoto/7295w000000W2mb/F","Theresa Jones",,"2020-05-27T03:52:30.000Z","Elliot Executive","0055w00000D4KBoAAN","Theresa Jones","Theresa Jones","Theresa Jones/John Chen/Elliot Executive/Sam Ennis","Elliot Executive","John Chen","Website","00E5w000004erLwEAI","NYSE Governance Services","true","Medium","true","RVP Central","AR",,"2018-12-15T08:00:00.000Z","Central Sales","NYSE Governance Services 170","00E5w000004erLxEAI","2019_09","RVPCentral","00E5w000004erLvEAI","https://samennis-20200526-demo--c.documentforce.com/profilephoto/7295w000000W2mb/T","Insurance","Corporate","tjones1590550477806@demo.user","NYSE Governance Services","Theresa Jones","CentralSales",,84.4528,7299000,62,84
"0015w00002DFNWxAAP","00E5w000004erLzEAI/00E5w000004erM0EAI/00E5w000004erLvEAI","0065w000022R219AAC","Westwave Communications","https://samennis-20200526-demo--c.documentforce.com/profilephoto/7295w000000W2nF/F","Mary Powers",,"2020-05-27T03:51:40.000Z","Andrew Martin","0055w00000D4KBeAAN","Mary Powers","Mary Powers","Mary Powers/Andrew Martin/Elliot Executive/Sam Ennis","Andrew Martin","Andrew Martin","Community","00E5w000004erLyEAI","Westwave Communications","true","Low","true","RVP West","CA",,"2019-03-14T07:00:00.000Z","West Sales","Westwave Communications 195","00E5w000004erLzEAI","2019_09","RVPWest","00E5w000004erLvEAI","https://samennis-20200526-demo--c.documentforce.com/profilephoto/7295w000000W2nF/T","Communications","Corporate","mpowers1590550477739@demo.user","Westwave Communications","Mary Powers","WestSales",,13.75,6326000,50,14
"0015w00002DFNOsAAP","00E5w000004erLzEAI/00E5w000004erM0EAI/00E5w000004erLvEAI","0065w000022R1qGAAS","MK Incorporated","https://samennis-20200526-demo--c.documentforce.com/profilephoto/7295w000000W2nF/F","Mary Powers",,"2020-05-27T03:49:58.000Z","Andrew Martin","0055w00000D4KBeAAN","Mary Powers","Mary Powers","Mary Powers/Andrew Martin/Elliot Executive/Sam Ennis","Andrew Martin","Andrew Martin","Inbound Call","00E5w000004erLyEAI","MK Incorporated","true","High","true","RVP West","WY",,"2018-08-02T07:00:00.000Z","West Sales","MK Incorporated 248","00E5w000004erLzEAI","2019_09","RVPWest","00E5w000004erLvEAI","https://samennis-20200526-demo--c.documentforce.com/profilephoto/7295w000000W2nF/T","Electronics","Corporate","mpowers1590550477739@demo.user","MK Incorporated","Mary Powers","WestSales",,125.5333,9588000,209,126
"0015w00002DFNiYAAX","00E5w000004erM7EAI/00E5w000004erM0EAI/00E5w000004erLvEAI","0065w000022R2FgAAK","Ican Software","https://samennis-20200526-demo--c.documentforce.com/profilephoto/7295w000000W2n5/F","Steven Mathis",,"2020-05-27T03:52:21.000Z","Edwin Tucker","0055w00000D4KBlAAN","Steven Mathis","Steven Mathis","Steven Mathis/Edwin Tucker/Elliot Executive/Sam Ennis","Edwin Tucker","Edwin Tucker","Referral","00E5w000004erM5EAI","Ican Software","true","Low","true","RVP East","NH",,"2019-03-05T08:00:00.000Z","East Sales","Ican Software 36","00E5w000004erM7EAI","2019_09","RVPEast","00E5w000004erLvEAI","https://samennis-20200526-demo--c.documentforce.com/profilephoto/7295w000000W2n5/T","Machinery","Corporate","smathis1590550477787@demo.user","Ican Software","Steven Mathis","EastSales",,0,7615000,148,0
"0015w00002DFNV3AAP","00E5w000004erLxEAI/00E5w000004erM0EAI/00E5w000004erLvEAI","0065w000022R1yZAAS","Towers Perrin Forester & Crosby","https://samennis-20200526-demo--c.documentforce.com/profilephoto/7295w000000W2mW/F","Crystal Stevens",,"2020-05-27T03:51:31.000Z","Crystal Stevens","0055w00000D4KBsAAN","Crystal Stevens","Crystal Stevens","Crystal Stevens/John Chen/Elliot Executive/Sam Ennis","Crystal Stevens","John Chen","Partner","00E5w000004erLwEAI","Towers Perrin Forester & Crosby","true","Low","true","RVP Central","NE",,"2019-04-09T07:00:00.000Z","Central Sales","Towers Perrin Forester & Crosby 123","00E5w000004erLxEAI","2019_09","RVPCentral","00E5w000004erLvEAI","https://samennis-20200526-demo--c.documentforce.com/profilephoto/7295w000000W2mW/T","Recreation","Corporate","cstevens1590550477831@demo.user","Towers Perrin Forester & Crosby","Crystal Stevens","CentralSales",,15.5556,4307000,103,16
"0015w00002DFNsbAAH","00E5w000004erLzEAI/00E5w000004erM0EAI/00E5w000004erLvEAI","0065w000022R2T5AAK","GENCO Distribution System","https://samennis-20200526-demo--c.documentforce.com/profilephoto/7295w000000W2nF/F","Mary Powers",,"2020-05-27T03:54:04.000Z","Andrew Martin","0055w00000D4KBeAAN","Mary Powers","Mary Powers","Mary Powers/Andrew Martin/Elliot Executive/Sam Ennis","Andrew Martin","Andrew Martin","Social Media","00E5w000004erLyEAI","GENCO Distribution System","true","Low","true","RVP West","AZ",,"2019-11-08T08:00:00.000Z","West Sales","GENCO Distribution System 1","00E5w000004erLzEAI","2019_09","RVPWest","00E5w000004erLvEAI","https://samennis-20200526-demo--c.documentforce.com/profilephoto/7295w000000W2nF/T","Energy","Corporate","mpowers1590550477739@demo.user","GENCO Distribution System","Mary Powers","WestSales",,0,8919000,164,0
"0015w00002DFOCUAA5","00E5w000004erLzEAI/00E5w000004erM0EAI/00E5w000004erLvEAI","0065w000022R2shAAC","eB2X","https://samennis-20200526-demo--c.documentforce.com/profilephoto/7295w000000W2nF/F","Mary Powers",,"2020-05-27T03:56:17.000Z","Andrew Martin","0055w00000D4KBeAAN","Mary Powers","Mary Powers","Mary Powers/Andrew Martin/Elliot Executive/Sam Ennis","Andrew Martin","Andrew Martin","Social Media","00E5w000004erLyEAI","eB2X","true","High","true","RVP West","NV",,"2020-02-16T08:00:00.000Z","West Sales","eB2X 74","00E5w000004erLzEAI","2019_09","RVPWest","00E5w000004erLvEAI","https://samennis-20200526-demo--c.documentforce.com/profilephoto/7295w000000W2nF/T","Shipping","T100","mpowers1590550477739@demo.user","eB2X","Mary Powers","WestSales",,1932.098,7487020000,19970,1932
"0015w00002DFOANAA5","00E5w000004erLzEAI/00E5w000004erM0EAI/00E5w000004erLvEAI","0065w000022R2pzAAC","First Fleet Corp","https://samennis-20200526-demo--c.documentforce.com/profilephoto/7295w000000W2nK/F","Amanda Hernandez",,"2020-05-27T03:56:04.000Z","Amanda Hernandez","0055w00000D4KBfAAN","Amanda Hernandez","Amanda Hernandez","Amanda Hernandez/Andrew Martin/Elliot Executive/Sam Ennis","Amanda Hernandez","Andrew Martin","Inbound Call","00E5w000004erLyEAI","First Fleet Corp","true","Low","true","RVP West","CA",,"2018-11-15T08:00:00.000Z","West Sales","First Fleet Corp 25","00E5w000004erLzEAI","2019_09","RVPWest","00E5w000004erLvEAI","https://samennis-20200526-demo--c.documentforce.com/profilephoto/7295w000000W2nK/T","Entertainment","T100","ahernand1590550477747@demo.user","First Fleet Corp","Amanda Hernandez","WestSales",,4.7133,4842897000,1,5
"0015w00002DFNTpAAP","00E5w000004erLxEAI/00E5w000004erM0EAI/00E5w000004erLvEAI","0065w000022R1wwAAC","Pimo.net","https://samennis-20200526-demo--c.documentforce.com/profilephoto/7295w000000W2mW/F","Crystal Stevens",,"2020-05-27T03:50:14.000Z","Crystal Stevens","0055w00000D4KBsAAN","Crystal Stevens","Crystal Stevens","Crystal Stevens/John Chen/Elliot Executive/Sam Ennis","Crystal Stevens","John Chen","Inbound Call","00E5w000004erLwEAI","Pimo.net","true","Low","true","RVP Central","WI",,"2018-06-17T07:00:00.000Z","Central Sales","Pimo.net 156","00E5w000004erLxEAI","2019_11","RVPCentral","00E5w000004erLvEAI","https://samennis-20200526-demo--c.documentforce.com/profilephoto/7295w000000W2mW/T","Entertainment","Corporate","cstevens1590550477831@demo.user","Pimo.net","Crystal Stevens","CentralSales",,16.7629,4196000,210,17
"0015w00002DFNtUAAX","00E5w000004erLxEAI/00E5w000004erM0EAI/00E5w000004erLvEAI","0065w000022R2UKAA0","Network Co.","https://samennis-20200526-demo--c.documentforce.com/profilephoto/7295w000000W2nU/F","Rebecca Gonzalez",,"2020-05-27T03:54:04.000Z","Elliot Executive","0055w00000D4KBtAAN","Rebecca Gonzalez","Rebecca Gonzalez","Rebecca Gonzalez/John Chen/Elliot Executive/Sam Ennis","Elliot Executive","John Chen","Inbound Call","00E5w000004erLwEAI","Network Co.","true","Low","true","RVP Central","IA",,"2018-10-21T07:00:00.000Z","Central Sales","Network Co. 198","00E5w000004erLxEAI","2019_11","RVPCentral","00E5w000004erLvEAI","https://samennis-20200526-demo--c.documentforce.com/profilephoto/7295w000000W2nU/T","Financial Services","Corporate","rgonzale1590550477838@demo.user","Network Co.","Rebecca Gonzalez","CentralSales",,11.6667,5457000,236,12
"0015w00002DFNTWAA5","00E5w000004erLxEAI/00E5w000004erM0EAI/00E5w000004erLvEAI","0065w000022R1waAAC","Group Health Cooperative","https://samennis-20200526-demo--c.documentforce.com/profilephoto/7295w000000W2nZ/F","Michelle Stanley",,"2020-05-27T03:50:14.000Z","Elliot Executive","0055w00000D4KBrAAN","Michelle Stanley","Michelle Stanley","Michelle Stanley/John Chen/Elliot Executive/Sam Ennis","Elliot Executive","John Chen","Inbound Call","00E5w000004erLwEAI","Group Health Cooperative","true","Low","true","RVP Central","MO",,"2019-04-28T07:00:00.000Z","Central Sales","Group Health Cooperative 131","00E5w000004erLxEAI","2019_11","RVPCentral","00E5w000004erLvEAI","https://samennis-20200526-demo--c.documentforce.com/profilephoto/7295w000000W2nZ/T","Energy","Corporate","mstanley1590550477825@demo.user","Group Health Cooperative","Michelle Stanley","CentralSales",,35.7,2351000,120,36
"0015w00002DFNDLAA5","00E5w000004erLzEAI/00E5w000004erM0EAI/00E5w000004erLvEAI","0065w000022R1a4AAC","Gas Equipment Company","https://samennis-20200526-demo--c.documentforce.com/profilephoto/7295w000000W2nK/F","Amanda Hernandez",,"2020-05-27T03:49:09.000Z","Amanda Hernandez","0055w00000D4KBfAAN","Amanda Hernandez","Amanda Hernandez","Amanda Hernandez/Andrew Martin/Elliot Executive/Sam Ennis","Amanda Hernandez","Andrew Martin","Social Media","00E5w000004erLyEAI","Gas Equipment Company","true","Low","true","RVP West","WY",,"2018-07-14T07:00:00.000Z","West Sales","Gas Equipment Company 78","00E5w000004erLzEAI","2019_11","RVPWest","00E5w000004erLvEAI","https://samennis-20200526-demo--c.documentforce.com/profilephoto/7295w000000W2nK/T","Electronics","Corporate","ahernand1590550477747@demo.user","Gas Equipment Company","Amanda Hernandez","WestSales",,25.5344,8657000,46,26
"0015w00002DFNsbAAH","00E5w000004erLzEAI/00E5w000004erM0EAI/00E5w000004erLvEAI","0065w000022R2T5AAK","GENCO Distribution System","https://samennis-20200526-demo--c.documentforce.com/profilephoto/7295w000000W2nF/F","Mary Powers",,"2020-05-27T03:54:04.000Z","Andrew Martin","0055w00000D4KBeAAN","Mary Powers","Mary Powers","Mary Powers/Andrew Martin/Elliot Executive/Sam Ennis","Andrew Martin","Andrew Martin","Social Media","00E5w000004erLyEAI","GENCO Distribution System","true","Low","true","RVP West","AZ",,"2019-11-08T08:00:00.000Z","West Sales","GENCO Distribution System 1","00E5w000004erLzEAI","2019_11","RVPWest","00E5w000004erLvEAI","https://samennis-20200526-demo--c.documentforce.com/profilephoto/7295w000000W2nF/T","Energy","Corporate","mpowers1590550477739@demo.user","GENCO Distribution System","Mary Powers","WestSales",,0,8919000,164,0
"0015w00002DFNzwAAH","00E5w000004erM7EAI/00E5w000004erM0EAI/00E5w000004erLvEAI","0065w000022R2d3AAC","advisor square","https://samennis-20200526-demo--c.documentforce.com/profilephoto/7295w000000W2mv/F","Brian Norris",,"2020-05-27T03:54:34.000Z","Brian Norris","0055w00000D4KBiAAN","Brian Norris","Brian Norris","Brian Norris/Edwin Tucker/Elliot Executive/Sam Ennis","Brian Norris","Edwin Tucker","Marketing Event","00E5w000004erM5EAI","advisor square","true","Low","true","RVP East","SC",,"2019-11-29T08:00:00.000Z","East Sales","advisor square 110","00E5w000004erM7EAI","2019_11","RVPEast","00E5w000004erLvEAI","https://samennis-20200526-demo--c.documentforce.com/profilephoto/7295w000000W2mv/T","Government","SMB","bnorris1590550477769@demo.user","advisor square","Brian Norris","EastSales",,0,39470000,148,0
"0015w00002DFOCHAA5","00E5w000004erLzEAI/00E5w000004erM0EAI/00E5w000004erLvEAI","0065w000022R2sNAAS","Unitus Leadership Systems","https://samennis-20200526-demo--c.documentforce.com/profilephoto/7295w000000W2nP/F","Heather Greer",,"2020-05-27T03:56:17.000Z","Andrew Martin","0055w00000D4KBpAAN","Heather Greer","Heather Greer","Heather Greer/Andrew Martin/Elliot Executive/Sam Ennis","Andrew Martin","Andrew Martin","Cold Call","00E5w000004erLyEAI","Unitus Leadership Systems","true","Low","true","RVP West","MT",,"2018-08-27T07:00:00.000Z","West Sales","Unitus Leadership Systems 61","00E5w000004erLzEAI","2019_12","RVPWest","00E5w000004erLvEAI","https://samennis-20200526-demo--c.documentforce.com/profilephoto/7295w000000W2nP/T","Transportation","T100","hgreer1590550477812@demo.user","Unitus Leadership Systems","Heather Greer","WestSales",,48.86,4343760000,22732,49
"0015w00002DFNWxAAP","00E5w000004erLzEAI/00E5w000004erM0EAI/00E5w000004erLvEAI","0065w000022R219AAC","Westwave Communications","https://samennis-20200526-demo--c.documentforce.com/profilephoto/7295w000000W2nF/F","Mary Powers",,"2020-05-27T03:51:40.000Z","Andrew Martin","0055w00000D4KBeAAN","Mary Powers","Mary Powers","Mary Powers/Andrew Martin/Elliot Executive/Sam Ennis","Andrew Martin","Andrew Martin","Community","00E5w000004erLyEAI","Westwave Communications","true","Low","true","RVP West","CA",,"2019-03-14T07:00:00.000Z","West Sales","Westwave Communications 195","00E5w000004erLzEAI","2019_12","RVPWest","00E5w000004erLvEAI","https://samennis-20200526-demo--c.documentforce.com/profilephoto/7295w000000W2nF/T","Communications","Corporate","mpowers1590550477739@demo.user","Westwave Communications","Mary Powers","WestSales",,16.24,6326000,50,16
"0015w00002DFNxvAAH","00E5w000004erLxEAI/00E5w000004erM0EAI/00E5w000004erLvEAI","0065w000022R2aUAAS","Pitney Bowes Distribution Ctr","https://samennis-20200526-demo--c.documentforce.com/profilephoto/7295w000000W2ne/F","Robin Montgomery",,"2020-05-27T03:54:24.000Z","Elliot Executive","0055w00000D4KBnAAN","Robin Montgomery","Robin Montgomery","Robin Montgomery/John Chen/Elliot Executive/Sam Ennis","Elliot Executive","John Chen","Marketing Event","00E5w000004erLwEAI","Pitney Bowes Distribution Ctr","true","Low","true","RVP Central","IN",,"2019-02-18T08:00:00.000Z","Central Sales","Pitney Bowes Distribution Ctr 142","00E5w000004erLxEAI","2019_12","RVPCentral","00E5w000004erLvEAI","https://samennis-20200526-demo--c.documentforce.com/profilephoto/7295w000000W2ne/T","Chemicals","Corporate","rmontgom1590550477800@demo.user","Pitney Bowes Distribution Ctr","Robin Montgomery","CentralSales",,7,6858000,61166,7
"0015w00002DFNOsAAP","00E5w000004erLzEAI/00E5w000004erM0EAI/00E5w000004erLvEAI","0065w000022R1qGAAS","MK Incorporated","https://samennis-20200526-demo--c.documentforce.com/profilephoto/7295w000000W2nF/F","Mary Powers",,"2020-05-27T03:49:58.000Z","Andrew Martin","0055w00000D4KBeAAN","Mary Powers","Mary Powers","Mary Powers/Andrew Martin/Elliot Executive/Sam Ennis","Andrew Martin","Andrew Martin","Inbound Call","00E5w000004erLyEAI","MK Incorporated","true","High","true","RVP West","WY",,"2018-08-02T07:00:00.000Z","West Sales","MK Incorporated 248","00E5w000004erLzEAI","2019_12","RVPWest","00E5w000004erLvEAI","https://samennis-20200526-demo--c.documentforce.com/profilephoto/7295w000000W2nF/T","Electronics","Corporate","mpowers1590550477739@demo.user","MK Incorporated","Mary Powers","WestSales",,112.4667,9588000,209,112
"0015w00002DFNTpAAP","00E5w000004erLxEAI/00E5w000004erM0EAI/00E5w000004erLvEAI","0065w000022R1wwAAC","Pimo.net","https://samennis-20200526-demo--c.documentforce.com/profilephoto/7295w000000W2mW/F","Crystal Stevens",,"2020-05-27T03:50:14.000Z","Crystal Stevens","0055w00000D4KBsAAN","Crystal Stevens","Crystal Stevens","Crystal Stevens/John Chen/Elliot Executive/Sam Ennis","Crystal Stevens","John Chen","Inbound Call","00E5w000004erLwEAI","Pimo.net","true","Low","true","RVP Central","WI",,"2018-06-17T07:00:00.000Z","Central Sales","Pimo.net 156","00E5w000004erLxEAI","2019_12","RVPCentral","00E5w000004erLvEAI","https://samennis-20200526-demo--c.documentforce.com/profilephoto/7295w000000W2mW/T","Entertainment","Corporate","cstevens1590550477831@demo.user","Pimo.net","Crystal Stevens","CentralSales",,13.306,4196000,210,13
"0015w00002DFNY1AAP","00E5w000004erLzEAI/00E5w000004erM0EAI/00E5w000004erLvEAI","0065w000022R22ZAAS","BlackBoard Connect","https://samennis-20200526-demo--c.documentforce.com/profilephoto/7295w000000W2nA/F","Kristen Miller",,"2020-05-27T03:51:40.000Z","Andrew Martin","0055w00000D4KBqAAN","Kristen Miller","Kristen Miller","Kristen Miller/Andrew Martin/Elliot Executive/Sam Ennis","Andrew Martin","Andrew Martin","Cold Call","00E5w000004erLyEAI","BlackBoard Connect","true","Low","true","RVP West","NV",,"2019-04-28T07:00:00.000Z","West Sales","BlackBoard Connect 39","00E5w000004erLzEAI","2019_12","RVPWest","00E5w000004erLvEAI","https://samennis-20200526-demo--c.documentforce.com/profilephoto/7295w000000W2nA/T","Manufacturing","Corporate","kmiller1590550477818@demo.user","BlackBoard Connect","Kristen Miller","WestSales",,7,4200000,75,7
"0015w00002DFOANAA5","00E5w000004erLzEAI/00E5w000004erM0EAI/00E5w000004erLvEAI","0065w000022R2pzAAC","First Fleet Corp","https://samennis-20200526-demo--c.documentforce.com/profilephoto/7295w000000W2nK/F","Amanda Hernandez",,"2020-05-27T03:56:04.000Z","Amanda Hernandez","0055w00000D4KBfAAN","Amanda Hernandez","Amanda Hernandez","Amanda Hernandez/Andrew Martin/Elliot Executive/Sam Ennis","Amanda Hernandez","Andrew Martin","Inbound Call","00E5w000004erLyEAI","First Fleet Corp","true","Low","true","RVP West","CA",,"2018-11-15T08:00:00.000Z","West Sales","First Fleet Corp 25","00E5w000004erLzEAI","2019_12","RVPWest","00E5w000004erLvEAI","https://samennis-20200526-demo--c.documentforce.com/profilephoto/7295w000000W2nK/T","Entertainment","T100","ahernand1590550477747@demo.user","First Fleet Corp","Amanda Hernandez","WestSales",,0.595,4842897000,1,1
"0015w00002DFNTaAAP","00E5w000004erLxEAI/00E5w000004erM0EAI/00E5w000004erLvEAI","0065w000022R1wfAAC","ICC Industries","https://samennis-20200526-demo--c.documentforce.com/profilephoto/7295w000000W2nU/F","Rebecca Gonzalez",,"2020-05-27T03:50:14.000Z","Elliot Executive","0055w00000D4KBtAAN","Rebecca Gonzalez","Rebecca Gonzalez","Rebecca Gonzalez/John Chen/Elliot Executive/Sam Ennis","Elliot Executive","John Chen","Inbound Call","00E5w000004erLwEAI","ICC Industries","true","Low","true","RVP Central","IL",,"2020-01-06T08:00:00.000Z","Central Sales","ICC Industries 171","00E5w000004erLxEAI","2019_12","RVPCentral","00E5w000004erLvEAI","https://samennis-20200526-demo--c.documentforce.com/profilephoto/7295w000000W2nU/T","Communications","Corporate","rgonzale1590550477838@demo.user","ICC Industries","Rebecca Gonzalez","CentralSales",,0.1711,9486000,109,0
"0015w00002DFNL0AAP","00E5w000004erLxEAI/00E5w000004erM0EAI/00E5w000004erLvEAI","0065w000022R1kiAAC","ARI Network Services","https://samennis-20200526-demo--c.documentforce.com/profilephoto/7295w000000W2mW/F","Crystal Stevens",,"2020-05-27T03:49:40.000Z","Crystal Stevens","0055w00000D4KBsAAN","Crystal Stevens","Crystal Stevens","Crystal Stevens/John Chen/Elliot Executive/Sam Ennis","Crystal Stevens","John Chen","Social Media","00E5w000004erLwEAI","ARI Network Services","true","Medium","true","RVP Central","KS",,"2018-08-04T07:00:00.000Z","Central Sales","ARI Network Services 243","00E5w000004erLxEAI","2019_12","RVPCentral","00E5w000004erLvEAI","https://samennis-20200526-demo--c.documentforce.com/profilephoto/7295w000000W2mW/T","Retail","Corporate","cstevens1590550477831@demo.user","ARI Network Services","Crystal Stevens","CentralSales",,63,8851000,43,63
"0015w00002DFNZQAA5","00E5w000004erM7EAI/00E5w000004erM0EAI/00E5w000004erLvEAI","0065w000022R24MAAS","InterAmerica Technologies","https://samennis-20200526-demo--c.documentforce.com/profilephoto/7295w000000W2mq/F","Alexander Cruz",,"2020-05-27T03:51:50.000Z","Alexander Cruz","0055w00000D4KBdAAN","Alexander Cruz","Alexander Cruz","Alexander Cruz/Edwin Tucker/Elliot Executive/Sam Ennis","Alexander Cruz","Edwin Tucker","Website","00E5w000004erM5EAI","InterAmerica Technologies","true","Medium","true","RVP East","MA",,"2020-05-11T07:00:00.000Z","East Sales","InterAmerica Technologies 111","00E5w000004erM7EAI","2020_01","RVPEast","00E5w000004erLvEAI","https://samennis-20200526-demo--c.documentforce.com/profilephoto/7295w000000W2mq/T","Engineering","Corporate","acruz1590550477724@demo.user","InterAmerica Technologies","Alexander Cruz","EastSales",,72.1129,4035000,86,72
"0015w00002DFOCaAAP","00E5w000004erLxEAI/00E5w000004erM0EAI/00E5w000004erLvEAI","0065w000022R2sqAAC","IMTS Silicon Motor Speedway","https://samennis-20200526-demo--c.documentforce.com/profilephoto/7295w000000W2nZ/F","Michelle Stanley",,"2020-05-27T03:56:17.000Z","Elliot Executive","0055w00000D4KBrAAN","Michelle Stanley","Michelle Stanley","Michelle Stanley/John Chen/Elliot Executive/Sam Ennis","Elliot Executive","John Chen","Social Media","00E5w000004erLwEAI","IMTS Silicon Motor Speedway","true","Low","true","RVP Central","MN",,"2018-05-29T07:00:00.000Z","Central Sales","IMTS Silicon Motor Speedway 191","00E5w000004erLxEAI","2020_01","RVPCentral","00E5w000004erLvEAI","https://samennis-20200526-demo--c.documentforce.com/profilephoto/7295w000000W2nZ/T","Banking","T100","mstanley1590550477825@demo.user","IMTS Silicon Motor Speedway","Michelle Stanley","CentralSales",,4.9433,3215159000,15614,5
"0015w00002DFNJBAA5","00E5w000004erLzEAI/00E5w000004erM0EAI/00E5w000004erLvEAI","0065w000022R1i9AAC","CyberTrader","https://samennis-20200526-demo--c.documentforce.com/profilephoto/7295w000000W2nP/F","Heather Greer",,"2020-05-27T03:49:30.000Z","Andrew Martin","0055w00000D4KBpAAN","Heather Greer","Heather Greer","Heather Greer/Andrew Martin/Elliot Executive/Sam Ennis","Andrew Martin","Andrew Martin","Data.com","00E5w000004erLyEAI","CyberTrader","true","Low","true","RVP West","UT",,"2019-03-03T08:00:00.000Z","West Sales","CyberTrader 38","00E5w000004erLzEAI","2020_01","RVPWest","00E5w000004erLvEAI","https://samennis-20200526-demo--c.documentforce.com/profilephoto/7295w000000W2nP/T","Recreation","Corporate","hgreer1590550477812@demo.user","CyberTrader","Heather Greer","WestSales",,29.6667,9551000,115,30
"0015w00002DFO5FAAX","00E5w000004erLxEAI/00E5w000004erM0EAI/00E5w000004erLvEAI","0065w000022R2jNAAS","SendOrder.com","https://samennis-20200526-demo--c.documentforce.com/profilephoto/7295w000000W2nZ/F","Michelle Stanley",,"2020-05-27T03:54:48.000Z","Elliot Executive","0055w00000D4KBrAAN","Michelle Stanley","Michelle Stanley","Michelle Stanley/John Chen/Elliot Executive/Sam Ennis","Elliot Executive","John Chen","Marketing Event","00E5w000004erLwEAI","SendOrder.com","true","Low","true","RVP Central","LA",,"2019-09-25T07:00:00.000Z","Central Sales","SendOrder.com 251","00E5w000004erLxEAI","2020_01","RVPCentral","00E5w000004erLvEAI","https://samennis-20200526-demo--c.documentforce.com/profilephoto/7295w000000W2nZ/T","Retail","Mid-Market","mstanley1590550477825@demo.user","SendOrder.com","Michelle Stanley","CentralSales",,0,417182000,3118,0
"0015w00002DFNZQAA5","00E5w000004erM7EAI/00E5w000004erM0EAI/00E5w000004erLvEAI","0065w000022R24MAAS","InterAmerica Technologies","https://samennis-20200526-demo--c.documentforce.com/profilephoto/7295w000000W2mq/F","Alexander Cruz",,"2020-05-27T03:51:50.000Z","Alexander Cruz","0055w00000D4KBdAAN","Alexander Cruz","Alexander Cruz","Alexander Cruz/Edwin Tucker/Elliot Executive/Sam Ennis","Alexander Cruz","Edwin Tucker","Website","00E5w000004erM5EAI","InterAmerica Technologies","true","Medium","true","RVP East","MA",,"2020-05-11T07:00:00.000Z","East Sales","InterAmerica Technologies 111","00E5w000004erM7EAI","2020_02","RVPEast","00E5w000004erLvEAI","https://samennis-20200526-demo--c.documentforce.com/profilephoto/7295w000000W2mq/T","Engineering","Corporate","acruz1590550477724@demo.user","InterAmerica Technologies","Alexander Cruz","EastSales",,75.3428,4035000,86,75
"0015w00002DFNTWAA5","00E5w000004erLxEAI/00E5w000004erM0EAI/00E5w000004erLvEAI","0065w000022R1waAAC","Group Health Cooperative","https://samennis-20200526-demo--c.documentforce.com/profilephoto/7295w000000W2nZ/F","Michelle Stanley",,"2020-05-27T03:50:14.000Z","Elliot Executive","0055w00000D4KBrAAN","Michelle Stanley","Michelle Stanley","Michelle Stanley/John Chen/Elliot Executive/Sam Ennis","Elliot Executive","John Chen","Inbound Call","00E5w000004erLwEAI","Group Health Cooperative","true","Low","true","RVP Central","MO",,"2019-04-28T07:00:00.000Z","Central Sales","Group Health Cooperative 131","00E5w000004erLxEAI","2020_02","RVPCentral","00E5w000004erLvEAI","https://samennis-20200526-demo--c.documentforce.com/profilephoto/7295w000000W2nZ/T","Energy","Corporate","mstanley1590550477825@demo.user","Group Health Cooperative","Michelle Stanley","CentralSales",,21.6364,2351000,120,22
"0015w00002DFNiYAAX","00E5w000004erM7EAI/00E5w000004erM0EAI/00E5w000004erLvEAI","0065w000022R2FgAAK","Ican Software","https://samennis-20200526-demo--c.documentforce.com/profilephoto/7295w000000W2n5/F","Steven Mathis",,"2020-05-27T03:52:21.000Z","Edwin Tucker","0055w00000D4KBlAAN","Steven Mathis","Steven Mathis","Steven Mathis/Edwin Tucker/Elliot Executive/Sam Ennis","Edwin Tucker","Edwin Tucker","Referral","00E5w000004erM5EAI","Ican Software","true","Low","true","RVP East","NH",,"2019-03-05T08:00:00.000Z","East Sales","Ican Software 36","00E5w000004erM7EAI","2020_02","RVPEast","00E5w000004erLvEAI","https://samennis-20200526-demo--c.documentforce.com/profilephoto/7295w000000W2n5/T","Machinery","Corporate","smathis1590550477787@demo.user","Ican Software","Steven Mathis","EastSales",,0,7615000,148,0
"0015w00002DFNyzAAH","00E5w000004erLxEAI/00E5w000004erM0EAI/00E5w000004erLvEAI","0065w000022R2bpAAC","CompuHelp Internet Access, Inc","https://samennis-20200526-demo--c.documentforce.com/profilephoto/7295w000000W2nU/F","Rebecca Gonzalez",,"2020-05-27T03:54:24.000Z","Elliot Executive","0055w00000D4KBtAAN","Rebecca Gonzalez","Rebecca Gonzalez","Rebecca Gonzalez/John Chen/Elliot Executive/Sam Ennis","Elliot Executive","John Chen","Cold Call","00E5w000004erLwEAI","CompuHelp Internet Access, Inc","true","Low","true","RVP Central","NY",,"2018-08-21T07:00:00.000Z","Central Sales","CompuHelp Internet Access, Inc 190","00E5w000004erLxEAI","2020_02","RVPCentral","00E5w000004erLvEAI","https://samennis-20200526-demo--c.documentforce.com/profilephoto/7295w000000W2nU/T","Food & Beverage","Corporate","rgonzale1590550477838@demo.user","CompuHelp Internet Access, Inc","Rebecca Gonzalez","CentralSales",,0,4686000,69933,0
"0015w00002DFOBvAAP","00E5w000004erLzEAI/00E5w000004erM0EAI/00E5w000004erLvEAI","0065w000022R2rvAAC","Autobahn Wholesale","https://samennis-20200526-demo--c.documentforce.com/profilephoto/7295w000000W2mR/F","Brandy Mullins",,"2020-05-27T03:56:17.000Z","Andrew Martin","0055w00000D4KBgAAN","Brandy Mullins","Brandy Mullins","Brandy Mullins/Andrew Martin/Elliot Executive/Sam Ennis","Andrew Martin","Andrew Martin","Referral","00E5w000004erLyEAI","Autobahn Wholesale","true","Low","true","RVP West","ID",,"2019-06-04T07:00:00.000Z","West Sales","Autobahn Wholesale 157","00E5w000004erLzEAI","2020_02","RVPWest","00E5w000004erLvEAI","https://samennis-20200526-demo--c.documentforce.com/profilephoto/7295w000000W2mR/T","Insurance","T100","bmullins1590550477755@demo.user","Autobahn Wholesale","Brandy Mullins","WestSales",,0.28,6189411000,1418,0
"0015w00002DFNfVAAX","00E5w000004erM7EAI/00E5w000004erM0EAI/00E5w000004erLvEAI","0065w000022R2BnAAK","IBM Software / Tivoli / Micromuse","https://samennis-20200526-demo--c.documentforce.com/profilephoto/7295w000000W2mg/F","Kaitlyn Guerrero",,"2020-05-27T03:52:11.000Z","Edwin Tucker","0055w00000D4KBkAAN","Kaitlyn Guerrero","Kaitlyn Guerrero","Kaitlyn Guerrero/Edwin Tucker/Elliot Executive/Sam Ennis","Edwin Tucker","Edwin Tucker","Partner","00E5w000004erM5EAI","IBM Software / Tivoli / Micromuse","true","High","true","RVP East","VA",,"2020-02-07T08:00:00.000Z","East Sales","IBM Software / Tivoli / Micromuse 22","00E5w000004erM7EAI","2020_02","RVPEast","00E5w000004erLvEAI","https://samennis-20200526-demo--c.documentforce.com/profilephoto/7295w000000W2mg/T","Hospitality","Corporate","kguerrer1590550477782@demo.user","IBM Software / Tivoli / Micromuse","Kaitlyn Guerrero","EastSales",,301,9650000,8,301
"0015w00002DFNVoAAP","00E5w000004erLzEAI/00E5w000004erM0EAI/00E5w000004erLvEAI","0065w000022R1zaAAC","Torto Wheaton Research","https://samennis-20200526-demo--c.documentforce.com/profilephoto/7295w000000W2nK/F","Amanda Hernandez",,"2020-05-27T03:51:31.000Z","Amanda Hernandez","0055w00000D4KBfAAN","Amanda Hernandez","Amanda Hernandez","Amanda Hernandez/Andrew Martin/Elliot Executive/Sam Ennis","Amanda Hernandez","Andrew Martin","Community","00E5w000004erLyEAI","Torto Wheaton Research","true","Low","true","RVP West","UT",,"2019-05-29T07:00:00.000Z","West Sales","Torto Wheaton Research 34","00E5w000004erLzEAI","2020_03","RVPWest","00E5w000004erLvEAI","https://samennis-20200526-demo--c.documentforce.com/profilephoto/7295w000000W2nK/T","Telecommunications","Corporate","ahernand1590550477747@demo.user","Torto Wheaton Research","Amanda Hernandez","WestSales",,24.0435,7306000,75,24
"0015w00002DFNyEAAX","00E5w000004erLzEAI/00E5w000004erM0EAI/00E5w000004erLvEAI","0065w000022R2asAAC","Intersolutions Inc","https://samennis-20200526-demo--c.documentforce.com/profilephoto/7295w000000W2mR/F","Brandy Mullins",,"2020-05-27T03:54:24.000Z","Andrew Martin","0055w00000D4KBgAAN","Brandy Mullins","Brandy Mullins","Brandy Mullins/Andrew Martin/Elliot Executive/Sam Ennis","Andrew Martin","Andrew Martin","Data.com","00E5w000004erLyEAI","Intersolutions Inc","true","Low","true","RVP West","AK",,"2019-04-07T07:00:00.000Z","West Sales","Intersolutions Inc 40","00E5w000004erLzEAI","2020_03","RVPWest","00E5w000004erLvEAI","https://samennis-20200526-demo--c.documentforce.com/profilephoto/7295w000000W2mR/T","Government","Corporate","bmullins1590550477755@demo.user","Intersolutions Inc","Brandy Mullins","WestSales",,8.3111,9099000,41702,8
"0015w00002DFNWxAAP","00E5w000004erLzEAI/00E5w000004erM0EAI/00E5w000004erLvEAI","0065w000022R219AAC","Westwave Communications","https://samennis-20200526-demo--c.documentforce.com/profilephoto/7295w000000W2nF/F","Mary Powers",,"2020-05-27T03:51:40.000Z","Andrew Martin","0055w00000D4KBeAAN","Mary Powers","Mary Powers","Mary Powers/Andrew Martin/Elliot Executive/Sam Ennis","Andrew Martin","Andrew Martin","Community","00E5w000004erLyEAI","Westwave Communications","true","Low","true","RVP West","CA",,"2019-03-14T07:00:00.000Z","West Sales","Westwave Communications 195","00E5w000004erLzEAI","2020_03","RVPWest","00E5w000004erLvEAI","https://samennis-20200526-demo--c.documentforce.com/profilephoto/7295w000000W2nF/T","Communications","Corporate","mpowers1590550477739@demo.user","Westwave Communications","Mary Powers","WestSales",,23.625,6326000,50,24
"0015w00002DFNxvAAH","00E5w000004erLxEAI/00E5w000004erM0EAI/00E5w000004erLvEAI","0065w000022R2aUAAS","Pitney Bowes Distribution Ctr","https://samennis-20200526-demo--c.documentforce.com/profilephoto/7295w000000W2ne/F","Robin Montgomery",,"2020-05-27T03:54:24.000Z","Elliot Executive","0055w00000D4KBnAAN","Robin Montgomery","Robin Montgomery","Robin Montgomery/John Chen/Elliot Executive/Sam Ennis","Elliot Executive","John Chen","Marketing Event","00E5w000004erLwEAI","Pitney Bowes Distribution Ctr","true","Low","true","RVP Central","IN",,"2019-02-18T08:00:00.000Z","Central Sales","Pitney Bowes Distribution Ctr 142","00E5w000004erLxEAI","2020_03","RVPCentral","00E5w000004erLvEAI","https://samennis-20200526-demo--c.documentforce.com/profilephoto/7295w000000W2ne/T","Chemicals","Corporate","rmontgom1590550477800@demo.user","Pitney Bowes Distribution Ctr","Robin Montgomery","CentralSales",,21,6858000,61166,21
"0015w00002DFNTWAA5","00E5w000004erLxEAI/00E5w000004erM0EAI/00E5w000004erLvEAI","0065w000022R1waAAC","Group Health Cooperative","https://samennis-20200526-demo--c.documentforce.com/profilephoto/7295w000000W2nZ/F","Michelle Stanley",,"2020-05-27T03:50:14.000Z","Elliot Executive","0055w00000D4KBrAAN","Michelle Stanley","Michelle Stanley","Michelle Stanley/John Chen/Elliot Executive/Sam Ennis","Elliot Executive","John Chen","Inbound Call","00E5w000004erLwEAI","Group Health Cooperative","true","Low","true","RVP Central","MO",,"2019-04-28T07:00:00.000Z","Central Sales","Group Health Cooperative 131","00E5w000004erLxEAI","2020_03","RVPCentral","00E5w000004erLvEAI","https://samennis-20200526-demo--c.documentforce.com/profilephoto/7295w000000W2nZ/T","Energy","Corporate","mstanley1590550477825@demo.user","Group Health Cooperative","Michelle Stanley","CentralSales",,49,2351000,120,49
"0015w00002DFODNAA5","00E5w000004erLzEAI/00E5w000004erM0EAI/00E5w000004erLvEAI","0065w000022R2tpAAC","HireRight","https://samennis-20200526-demo--c.documentforce.com/profilephoto/7295w000000W2nB/F","Meagan Blevins",,"2020-05-27T03:56:21.000Z","Andrew Martin","0055w00000D4KBhAAN","Meagan Blevins","Meagan Blevins","Meagan Blevins/Andrew Martin/Elliot Executive/Sam Ennis","Andrew Martin","Andrew Martin","Cold Call","00E5w000004erLyEAI","HireRight","true","Low","true","RVP West","CA",,"2018-11-08T08:00:00.000Z","West Sales","HireRight 15","00E5w000004erLzEAI","2020_03","RVPWest","00E5w000004erLvEAI","https://samennis-20200526-demo--c.documentforce.com/profilephoto/7295w000000W2nB/T","Chemicals","T100","mblevins1590550477762@demo.user","HireRight","Meagan Blevins","WestSales",,0,9289425000,114942,0
"0015w00002DFNlMAAX","00E5w000004erLxEAI/00E5w000004erM0EAI/00E5w000004erLvEAI","0065w000022R2JWAA0","NYSE Governance Services","https://samennis-20200526-demo--c.documentforce.com/profilephoto/7295w000000W2mb/F","Theresa Jones",,"2020-05-27T03:52:30.000Z","Elliot Executive","0055w00000D4KBoAAN","Theresa Jones","Theresa Jones","Theresa Jones/John Chen/Elliot Executive/Sam Ennis","Elliot Executive","John Chen","Website","00E5w000004erLwEAI","NYSE Governance Services","true","Medium","true","RVP Central","AR",,"2018-12-15T08:00:00.000Z","Central Sales","NYSE Governance Services 170","00E5w000004erLxEAI","2019_04","RVPCentral","00E5w000004erLvEAI","https://samennis-20200526-demo--c.documentforce.com/profilephoto/7295w000000W2mb/T","Insurance","Corporate","tjones1590550477806@demo.user","NYSE Governance Services","Theresa Jones","CentralSales",,82.1217,7299000,62,82
"0015w00002DFNKRAA5","00E5w000004erLxEAI/00E5w000004erM0EAI/00E5w000004erLvEAI","0065w000022R1jvAAC","DCI HOLDINGS","https://samennis-20200526-demo--c.documentforce.com/profilephoto/7295w000000W2nZ/F","Michelle Stanley",,"2020-05-27T03:49:40.000Z","Elliot Executive","0055w00000D4KBrAAN","Michelle Stanley","Michelle Stanley","Michelle Stanley/John Chen/Elliot Executive/Sam Ennis","Elliot Executive","John Chen","Referral","00E5w000004erLwEAI","DCI HOLDINGS","true","Low","true","RVP Central","IL",,"2018-05-30T07:00:00.000Z","Central Sales","DCI HOLDINGS 182","00E5w000004erLxEAI","2019_04","RVPCentral","00E5w000004erLvEAI","https://samennis-20200526-demo--c.documentforce.com/profilephoto/7295w000000W2nZ/T","Shipping","Corporate","mstanley1590550477825@demo.user","DCI HOLDINGS","Michelle Stanley","CentralSales",,0,9883000,173,0
"0015w00002DFNjyAAH","00E5w000004erM7EAI/00E5w000004erM0EAI/00E5w000004erLvEAI","0065w000022R2HcAAK","Raytheon Financial Services","https://samennis-20200526-demo--c.documentforce.com/profilephoto/7295w000000W2ml/F","Craig Arnold",,"2020-05-27T03:52:30.000Z","Craig Arnold","0055w00000D4KBjAAN","Craig Arnold","Craig Arnold","Craig Arnold/Edwin Tucker/Elliot Executive/Sam Ennis","Craig Arnold","Edwin Tucker","Partner","00E5w000004erM5EAI","Raytheon Financial Services","true","Low","true","RVP East","NH",,"2020-02-04T08:00:00.000Z","East Sales","Raytheon Financial Services 151","00E5w000004erM7EAI","2019_04","RVPEast","00E5w000004erLvEAI","https://samennis-20200526-demo--c.documentforce.com/profilephoto/7295w000000W2ml/T","Healthcare & Life Sciences","Corporate","carnold1590550477775@demo.user","Raytheon Financial Services","Craig Arnold","EastSales",,0,2096000,244,0
"0015w00002DFNTWAA5","00E5w000004erLxEAI/00E5w000004erM0EAI/00E5w000004erLvEAI","0065w000022R1waAAC","Group Health Cooperative","https://samennis-20200526-demo--c.documentforce.com/profilephoto/7295w000000W2nZ/F","Michelle Stanley",,"2020-05-27T03:50:14.000Z","Elliot Executive","0055w00000D4KBrAAN","Michelle Stanley","Michelle Stanley","Michelle Stanley/John Chen/Elliot Executive/Sam Ennis","Elliot Executive","John Chen","Inbound Call","00E5w000004erLwEAI","Group Health Cooperative","true","Low","true","RVP Central","MO",,"2019-04-28T07:00:00.000Z","Central Sales","Group Health Cooperative 131","00E5w000004erLxEAI","2019_04","RVPCentral","00E5w000004erLvEAI","https://samennis-20200526-demo--c.documentforce.com/profilephoto/7295w000000W2nZ/T","Energy","Corporate","mstanley1590550477825@demo.user","Group Health Cooperative","Michelle Stanley","CentralSales",,18.9,2351000,120,19
"0015w00002DFNGIAA5","00E5w000004erLzEAI/00E5w000004erM0EAI/00E5w000004erLvEAI","0065w000022R1eCAAS","Transoft Networks","https://samennis-20200526-demo--c.documentforce.com/profilephoto/7295w000000W2nP/F","Heather Greer",,"2020-05-27T03:49:21.000Z","Andrew Martin","0055w00000D4KBpAAN","Heather Greer","Heather Greer","Heather Greer/Andrew Martin/Elliot Executive/Sam Ennis","Andrew Martin","Andrew Martin","Data.com","00E5w000004erLyEAI","Transoft Networks","true","Low","true","RVP West","WA",,"2020-03-02T08:00:00.000Z","West Sales","Transoft Networks 24","00E5w000004erLzEAI","2019_04","RVPWest","00E5w000004erLvEAI","https://samennis-20200526-demo--c.documentforce.com/profilephoto/7295w000000W2nP/T","Banking","Corporate","hgreer1590550477812@demo.user","Transoft Networks","Heather Greer","WestSales",,0,4868000,203,0
"0015w00002DFOANAA5","00E5w000004erLzEAI/00E5w000004erM0EAI/00E5w000004erLvEAI","0065w000022R2pzAAC","First Fleet Corp","https://samennis-20200526-demo--c.documentforce.com/profilephoto/7295w000000W2nK/F","Amanda Hernandez",,"2020-05-27T03:56:04.000Z","Amanda Hernandez","0055w00000D4KBfAAN","Amanda Hernandez","Amanda Hernandez","Amanda Hernandez/Andrew Martin/Elliot Executive/Sam Ennis","Amanda Hernandez","Andrew Martin","Inbound Call","00E5w000004erLyEAI","First Fleet Corp","true","Low","true","RVP West","CA",,"2018-11-15T08:00:00.000Z","West Sales","First Fleet Corp 25","00E5w000004erLzEAI","2019_04","RVPWest","00E5w000004erLvEAI","https://samennis-20200526-demo--c.documentforce.com/profilephoto/7295w000000W2nK/T","Entertainment","T100","ahernand1590550477747@demo.user","First Fleet Corp","Amanda Hernandez","WestSales",,11.6667,4842897000,1,12
"0015w00002DFNewAAH","00E5w000004erM7EAI/00E5w000004erM0EAI/00E5w000004erLvEAI","0065w000022R2B9AAK","Carpet One","https://samennis-20200526-demo--c.documentforce.com/profilephoto/7295w000000W2n5/F","Steven Mathis",,"2020-05-27T03:52:11.000Z","Edwin Tucker","0055w00000D4KBlAAN","Steven Mathis","Steven Mathis","Steven Mathis/Edwin Tucker/Elliot Executive/Sam Ennis","Edwin Tucker","Edwin Tucker","Cold Call","00E5w000004erM5EAI","Carpet One","true","Low","true","RVP East","VT",,"2018-08-14T07:00:00.000Z","East Sales","Carpet One 18","00E5w000004erM7EAI","2019_05","RVPEast","00E5w000004erLvEAI","https://samennis-20200526-demo--c.documentforce.com/profilephoto/7295w000000W2n5/T","Apparel","Corporate","smathis1590550477787@demo.user","Carpet One","Steven Mathis","EastSales",,0,7924000,77,0
"0015w00002DFNEVAA5","00E5w000004erLzEAI/00E5w000004erM0EAI/00E5w000004erLvEAI","0065w000022R1bbAAC","Kjr 950 Am","https://samennis-20200526-demo--c.documentforce.com/profilephoto/7295w000000W2nF/F","Mary Powers",,"2020-05-27T03:49:09.000Z","Andrew Martin","0055w00000D4KBeAAN","Mary Powers","Mary Powers","Mary Powers/Andrew Martin/Elliot Executive/Sam Ennis","Andrew Martin","Andrew Martin","Social Media","00E5w000004erLyEAI","Kjr 950 Am","true","Low","true","RVP West","WA",,"2018-08-12T07:00:00.000Z","West Sales","Kjr 950 Am 121","00E5w000004erLzEAI","2019_05","RVPWest","00E5w000004erLvEAI","https://samennis-20200526-demo--c.documentforce.com/profilephoto/7295w000000W2nF/T","Energy","Corporate","mpowers1590550477739@demo.user","Kjr 950 Am","Mary Powers","WestSales",,26.1333,4728000,130,26
"0015w00002DFNWGAA5","00E5w000004erLxEAI/00E5w000004erM0EAI/00E5w000004erLvEAI","0065w000022R208AAC","Celebrate As One","https://samennis-20200526-demo--c.documentforce.com/profilephoto/7295w000000W2nU/F","Rebecca Gonzalez",,"2020-05-27T03:51:31.000Z","Elliot Executive","0055w00000D4KBtAAN","Rebecca Gonzalez","Rebecca Gonzalez","Rebecca Gonzalez/John Chen/Elliot Executive/Sam Ennis","Elliot Executive","John Chen","Inbound Call","00E5w000004erLwEAI","Celebrate As One","true","Low","true","RVP Central","OH",,"2019-01-04T08:00:00.000Z","Central Sales","Celebrate As One 181","00E5w000004erLxEAI","2019_05","RVPCentral","00E5w000004erLvEAI","https://samennis-20200526-demo--c.documentforce.com/profilephoto/7295w000000W2nU/T","Energy","Corporate","rgonzale1590550477838@demo.user","Celebrate As One","Rebecca Gonzalez","CentralSales",,5.9882,5907000,182,6
"0015w00002DFO6tAAH","00E5w000004erLxEAI/00E5w000004erM0EAI/00E5w000004erLvEAI","0065w000022R2lZAAS","OnDemand Inc","https://samennis-20200526-demo--c.documentforce.com/profilephoto/7295w000000W2nU/F","Rebecca Gonzalez",,"2020-05-27T03:55:53.000Z","Elliot Executive","0055w00000D4KBtAAN","Rebecca Gonzalez","Rebecca Gonzalez","Rebecca Gonzalez/John Chen/Elliot Executive/Sam Ennis","Elliot Executive","John Chen","Marketing Event","00E5w000004erLwEAI","OnDemand Inc","true","Low","true","RVP Central","NJ",,"2018-06-09T07:00:00.000Z","Central Sales","OnDemand Inc 87","00E5w000004erLxEAI","2019_05","RVPCentral","00E5w000004erLvEAI","https://samennis-20200526-demo--c.documentforce.com/profilephoto/7295w000000W2nU/T","Energy","Enterprise","rgonzale1590550477838@demo.user","OnDemand Inc","Rebecca Gonzalez","CentralSales",,11,1145751000,215,11
"0015w00002DFNKRAA5","00E5w000004erLxEAI/00E5w000004erM0EAI/00E5w000004erLvEAI","0065w000022R1jvAAC","DCI HOLDINGS","https://samennis-20200526-demo--c.documentforce.com/profilephoto/7295w000000W2nZ/F","Michelle Stanley",,"2020-05-27T03:49:40.000Z","Elliot Executive","0055w00000D4KBrAAN","Michelle Stanley","Michelle Stanley","Michelle Stanley/John Chen/Elliot Executive/Sam Ennis","Elliot Executive","John Chen","Referral","00E5w000004erLwEAI","DCI HOLDINGS","true","Low","true","RVP Central","IL",,"2018-05-30T07:00:00.000Z","Central Sales","DCI HOLDINGS 182","00E5w000004erLxEAI","2019_05","RVPCentral","00E5w000004erLvEAI","https://samennis-20200526-demo--c.documentforce.com/profilephoto/7295w000000W2nZ/T","Shipping","Corporate","mstanley1590550477825@demo.user","DCI HOLDINGS","Michelle Stanley","CentralSales",,0,9883000,173,0
"0015w00002DFOD8AAP","00E5w000004erLxEAI/00E5w000004erM0EAI/00E5w000004erLvEAI","0065w000022R2tWAAS","Navagate","https://samennis-20200526-demo--c.documentforce.com/profilephoto/7295w000000W2nZ/F","Michelle Stanley",,"2020-05-27T03:56:17.000Z","Elliot Executive","0055w00000D4KBrAAN","Michelle Stanley","Michelle Stanley","Michelle Stanley/John Chen/Elliot Executive/Sam Ennis","Elliot Executive","John Chen","Cold Call","00E5w000004erLwEAI","Navagate","true","Low","true","RVP Central","NE",,"2019-12-29T08:00:00.000Z","Central Sales","Navagate 245","00E5w000004erLxEAI","2019_05","RVPCentral","00E5w000004erLvEAI","https://samennis-20200526-demo--c.documentforce.com/profilephoto/7295w000000W2nZ/T","Education","T100","mstanley1590550477825@demo.user","Navagate","Michelle Stanley","CentralSales",,39.6667,4569487000,104162,40
"0015w00002DFNGIAA5","00E5w000004erLzEAI/00E5w000004erM0EAI/00E5w000004erLvEAI","0065w000022R1eCAAS","Transoft Networks","https://samennis-20200526-demo--c.documentforce.com/profilephoto/7295w000000W2nP/F","Heather Greer",,"2020-05-27T03:49:21.000Z","Andrew Martin","0055w00000D4KBpAAN","Heather Greer","Heather Greer","Heather Greer/Andrew Martin/Elliot Executive/Sam Ennis","Andrew Martin","Andrew Martin","Data.com","00E5w000004erLyEAI","Transoft Networks","true","Low","true","RVP West","WA",,"2020-03-02T08:00:00.000Z","West Sales","Transoft Networks 24","00E5w000004erLzEAI","2019_05","RVPWest","00E5w000004erLvEAI","https://samennis-20200526-demo--c.documentforce.com/profilephoto/7295w000000W2nP/T","Banking","Corporate","hgreer1590550477812@demo.user","Transoft Networks","Heather Greer","WestSales",,0,4868000,203,0
"0015w00002DFNdvAAH","00E5w000004erLxEAI/00E5w000004erM0EAI/00E5w000004erLvEAI","0065w000022R29xAAC","eStudio","https://samennis-20200526-demo--c.documentforce.com/profilephoto/7295w000000W2nZ/F","Michelle Stanley",,"2020-05-27T03:52:01.000Z","Elliot Executive","0055w00000D4KBrAAN","Michelle Stanley","Michelle Stanley","Michelle Stanley/John Chen/Elliot Executive/Sam Ennis","Elliot Executive","John Chen","Cold Call","00E5w000004erLwEAI","eStudio","true","Low","true","RVP Central","PA",,"2019-12-29T08:00:00.000Z","Central Sales","eStudio 250","00E5w000004erLxEAI","2019_05","RVPCentral","00E5w000004erLvEAI","https://samennis-20200526-demo--c.documentforce.com/profilephoto/7295w000000W2nZ/T","Other","Corporate","mstanley1590550477825@demo.user","eStudio","Michelle Stanley","CentralSales",,0,5314000,75,0
"0015w00002DFNL0AAP","00E5w000004erLxEAI/00E5w000004erM0EAI/00E5w000004erLvEAI","0065w000022R1kiAAC","ARI Network Services","https://samennis-20200526-demo--c.documentforce.com/profilephoto/7295w000000W2mW/F","Crystal Stevens",,"2020-05-27T03:49:40.000Z","Crystal Stevens","0055w00000D4KBsAAN","Crystal Stevens","Crystal Stevens","Crystal Stevens/John Chen/Elliot Executive/Sam Ennis","Crystal Stevens","John Chen","Social Media","00E5w000004erLwEAI","ARI Network Services","true","High","true","RVP Central","KS",,"2018-08-04T07:00:00.000Z","Central Sales","ARI Network Services 243","00E5w000004erLxEAI","2019_05","RVPCentral","00E5w000004erLvEAI","https://samennis-20200526-demo--c.documentforce.com/profilephoto/7295w000000W2mW/T","Retail","Corporate","cstevens1590550477831@demo.user","ARI Network Services","Crystal Stevens","CentralSales",,196,8851000,43,196
"0015w00002DFNpUAAX","00E5w000004erLxEAI/00E5w000004erM0EAI/00E5w000004erLvEAI","0065w000022R2OmAAK","Baron Group Inc","https://samennis-20200526-demo--c.documentforce.com/profilephoto/7295w000000W2ne/F","Robin Montgomery",,"2020-05-27T03:53:44.000Z","Elliot Executive","0055w00000D4KBnAAN","Robin Montgomery","Robin Montgomery","Robin Montgomery/John Chen/Elliot Executive/Sam Ennis","Elliot Executive","John Chen","Inbound Call","00E5w000004erLwEAI","Baron Group Inc","true","Low","true","RVP Central","NJ",,"2020-02-19T08:00:00.000Z","Central Sales","Baron Group Inc 118","00E5w000004erLxEAI","2019_06","RVPCentral","00E5w000004erLvEAI","https://samennis-20200526-demo--c.documentforce.com/profilephoto/7295w000000W2ne/T","Manufacturing","Corporate","rmontgom1590550477800@demo.user","Baron Group Inc","Robin Montgomery","CentralSales",,2.3333,5782000,153,2
"0015w00002DFNVJAA5","00E5w000004erLxEAI/00E5w000004erM0EAI/00E5w000004erLvEAI","0065w000022R1ywAAC","Acutherm","https://samennis-20200526-demo--c.documentforce.com/profilephoto/7295w000000W2mW/F","Crystal Stevens",,"2020-05-27T03:51:31.000Z","Crystal Stevens","0055w00000D4KBsAAN","Crystal Stevens","Crystal Stevens","Crystal Stevens/John Chen/Elliot Executive/Sam Ennis","Crystal Stevens","John Chen","Referral","00E5w000004erLwEAI","Acutherm","true","High","true","RVP Central","IL",,"2019-11-17T08:00:00.000Z","Central Sales","Acutherm 197","00E5w000004erLxEAI","2019_06","RVPCentral","00E5w000004erLvEAI","https://samennis-20200526-demo--c.documentforce.com/profilephoto/7295w000000W2mW/T","Banking","Corporate","cstevens1590550477831@demo.user","Acutherm","Crystal Stevens","CentralSales",,109.5627,7625000,68,110
"0015w00002DFNZQAA5","00E5w000004erM7EAI/00E5w000004erM0EAI/00E5w000004erLvEAI","0065w000022R24MAAS","InterAmerica Technologies","https://samennis-20200526-demo--c.documentforce.com/profilephoto/7295w000000W2mq/F","Alexander Cruz",,"2020-05-27T03:51:50.000Z","Alexander Cruz","0055w00000D4KBdAAN","Alexander Cruz","Alexander Cruz","Alexander Cruz/Edwin Tucker/Elliot Executive/Sam Ennis","Alexander Cruz","Edwin Tucker","Website","00E5w000004erM5EAI","InterAmerica Technologies","true","Medium","true","RVP East","MA",,"2020-05-11T07:00:00.000Z","East Sales","InterAmerica Technologies 111","00E5w000004erM7EAI","2019_06","RVPEast","00E5w000004erLvEAI","https://samennis-20200526-demo--c.documentforce.com/profilephoto/7295w000000W2mq/T","Engineering","Corporate","acruz1590550477724@demo.user","InterAmerica Technologies","Alexander Cruz","EastSales",,72.9286,4035000,86,73
"0015w00002DFNQ2AAP","00E5w000004erLzEAI/00E5w000004erM0EAI/00E5w000004erLvEAI","0065w000022R1s1AAC","SunTrust Banks","https://samennis-20200526-demo--c.documentforce.com/profilephoto/7295w000000W2nK/F","Amanda Hernandez",,"2020-05-27T03:49:58.000Z","Amanda Hernandez","0055w00000D4KBfAAN","Amanda Hernandez","Amanda Hernandez","Amanda Hernandez/Andrew Martin/Elliot Executive/Sam Ennis","Amanda Hernandez","Andrew Martin","Social Media","00E5w000004erLyEAI","SunTrust Banks","true","Low","true","RVP West","CO",,"2018-08-14T07:00:00.000Z","West Sales","SunTrust Banks 33","00E5w000004erLzEAI","2019_06","RVPWest","00E5w000004erLvEAI","https://samennis-20200526-demo--c.documentforce.com/profilephoto/7295w000000W2nK/T","Manufacturing","Corporate","ahernand1590550477747@demo.user","SunTrust Banks","Amanda Hernandez","WestSales",,2.3333,6586000,135,2
"0015w00002DFNYRAA5","00E5w000004erLzEAI/00E5w000004erM0EAI/00E5w000004erLvEAI","0065w000022R237AAC","lionheart medical","https://samennis-20200526-demo--c.documentforce.com/profilephoto/7295w000000W2mR/F","Brandy Mullins",,"2020-05-27T03:51:40.000Z","Andrew Martin","0055w00000D4KBgAAN","Brandy Mullins","Brandy Mullins","Brandy Mullins/Andrew Martin/Elliot Executive/Sam Ennis","Andrew Martin","Andrew Martin","Data.com","00E5w000004erLyEAI","lionheart medical","true","Medium","true","RVP West","OR",,"2019-10-08T07:00:00.000Z","West Sales","lionheart medical 107","00E5w000004erLzEAI","2019_06","RVPWest","00E5w000004erLvEAI","https://samennis-20200526-demo--c.documentforce.com/profilephoto/7295w000000W2mR/T","Utilities","Corporate","bmullins1590550477755@demo.user","lionheart medical","Brandy Mullins","WestSales",,95.5058,5845000,15,96
"0015w00002DFNewAAH","00E5w000004erM7EAI/00E5w000004erM0EAI/00E5w000004erLvEAI","0065w000022R2B9AAK","Carpet One","https://samennis-20200526-demo--c.documentforce.com/profilephoto/7295w000000W2n5/F","Steven Mathis",,"2020-05-27T03:52:11.000Z","Edwin Tucker","0055w00000D4KBlAAN","Steven Mathis","Steven Mathis","Steven Mathis/Edwin Tucker/Elliot Executive/Sam Ennis","Edwin Tucker","Edwin Tucker","Cold Call","00E5w000004erM5EAI","Carpet One","true","Low","true","RVP East","VT",,"2018-08-14T07:00:00.000Z","East Sales","Carpet One 18","00E5w000004erM7EAI","2019_06","RVPEast","00E5w000004erLvEAI","https://samennis-20200526-demo--c.documentforce.com/profilephoto/7295w000000W2n5/T","Apparel","Corporate","smathis1590550477787@demo.user","Carpet One","Steven Mathis","EastSales",,0,7924000,77,0
"0015w00002DFNVoAAP","00E5w000004erLzEAI/00E5w000004erM0EAI/00E5w000004erLvEAI","0065w000022R1zaAAC","Torto Wheaton Research","https://samennis-20200526-demo--c.documentforce.com/profilephoto/7295w000000W2nK/F","Amanda Hernandez",,"2020-05-27T03:51:31.000Z","Amanda Hernandez","0055w00000D4KBfAAN","Amanda Hernandez","Amanda Hernandez","Amanda Hernandez/Andrew Martin/Elliot Executive/Sam Ennis","Amanda Hernandez","Andrew Martin","Community","00E5w000004erLyEAI","Torto Wheaton Research","true","Low","true","RVP West","UT",,"2019-05-29T07:00:00.000Z","West Sales","Torto Wheaton Research 34","00E5w000004erLzEAI","2019_06","RVPWest","00E5w000004erLvEAI","https://samennis-20200526-demo--c.documentforce.com/profilephoto/7295w000000W2nK/T","Telecommunications","Corporate","ahernand1590550477747@demo.user","Torto Wheaton Research","Amanda Hernandez","WestSales",,22.75,7306000,75,23
"0015w00002DFNXLAA5","00E5w000004erLzEAI/00E5w000004erM0EAI/00E5w000004erLvEAI","0065w000022R21cAAC","Airspeak Inc","https://samennis-20200526-demo--c.documentforce.com/profilephoto/7295w000000W2mR/F","Brandy Mullins",,"2020-05-27T03:51:40.000Z","Andrew Martin","0055w00000D4KBgAAN","Brandy Mullins","Brandy Mullins","Brandy Mullins/Andrew Martin/Elliot Executive/Sam Ennis","Andrew Martin","Andrew Martin","Data.com","00E5w000004erLyEAI","Airspeak Inc","true","High","true","RVP West","CA",,"2019-01-03T08:00:00.000Z","West Sales","Airspeak Inc 170","00E5w000004erLzEAI","2019_06","RVPWest","00E5w000004erLvEAI","https://samennis-20200526-demo--c.documentforce.com/profilephoto/7295w000000W2mR/T","Healthcare & Life Sciences","Corporate","bmullins1590550477755@demo.user","Airspeak Inc","Brandy Mullins","WestSales",,663.854,6788000,144,664
"0015w00002DFOCaAAP","00E5w000004erLxEAI/00E5w000004erM0EAI/00E5w000004erLvEAI","0065w000022R2sqAAC","IMTS Silicon Motor Speedway","https://samennis-20200526-demo--c.documentforce.com/profilephoto/7295w000000W2nZ/F","Michelle Stanley",,"2020-05-27T03:56:17.000Z","Elliot Executive","0055w00000D4KBrAAN","Michelle Stanley","Michelle Stanley","Michelle Stanley/John Chen/Elliot Executive/Sam Ennis","Elliot Executive","John Chen","Social Media","00E5w000004erLwEAI","IMTS Silicon Motor Speedway","true","Low","true","RVP Central","MN",,"2018-05-29T07:00:00.000Z","Central Sales","IMTS Silicon Motor Speedway 191","00E5w000004erLxEAI","2019_06","RVPCentral","00E5w000004erLvEAI","https://samennis-20200526-demo--c.documentforce.com/profilephoto/7295w000000W2nZ/T","Banking","T100","mstanley1590550477825@demo.user","IMTS Silicon Motor Speedway","Michelle Stanley","CentralSales",,4.7547,3215159000,15614,5
"0015w00002DFNEmAAP","00E5w000004erLzEAI/00E5w000004erM0EAI/00E5w000004erLvEAI","0065w000022R1c5AAC","Micromenders","https://samennis-20200526-demo--c.documentforce.com/profilephoto/7295w000000W2mR/F","Brandy Mullins",,"2020-05-27T03:49:09.000Z","Andrew Martin","0055w00000D4KBgAAN","Brandy Mullins","Brandy Mullins","Brandy Mullins/Andrew Martin/Elliot Executive/Sam Ennis","Andrew Martin","Andrew Martin","Data.com","00E5w000004erLyEAI","Micromenders","true","Medium","true","RVP West","HI",,"2018-10-11T07:00:00.000Z","West Sales","Micromenders 246","00E5w000004erLzEAI","2019_06","RVPWest","00E5w000004erLvEAI","https://samennis-20200526-demo--c.documentforce.com/profilephoto/7295w000000W2mR/T","Consulting","Corporate","bmullins1590550477755@demo.user","Micromenders","Brandy Mullins","WestSales",,61.2307,9929000,52,61
"0015w00002DFO9uAAH","00E5w000004erLxEAI/00E5w000004erM0EAI/00E5w000004erLvEAI","0065w000022R2pOAAS","Johns-Byrne Company","https://samennis-20200526-demo--c.documentforce.com/profilephoto/7295w000000W2mW/F","Crystal Stevens",,"2020-05-27T03:56:04.000Z","Crystal Stevens","0055w00000D4KBsAAN","Crystal Stevens","Crystal Stevens","Crystal Stevens/John Chen/Elliot Executive/Sam Ennis","Crystal Stevens","John Chen","Partner","00E5w000004erLwEAI","Johns-Byrne Company","true","Low","true","RVP Central","NJ",,"2019-03-04T08:00:00.000Z","Central Sales","Johns-Byrne Company 20","00E5w000004erLxEAI","2019_06","RVPCentral","00E5w000004erLvEAI","https://samennis-20200526-demo--c.documentforce.com/profilephoto/7295w000000W2mW/T","Healthcare & Life Sciences","Enterprise","cstevens1590550477831@demo.user","Johns-Byrne Company","Crystal Stevens","CentralSales",,0,1692396000,90653,0
"0015w00002DFNCwAAP","00E5w000004erLzEAI/00E5w000004erM0EAI/00E5w000004erLvEAI","0065w000022R1ZTAA0","Cipient Networks Inc","https://samennis-20200526-demo--c.documentforce.com/profilephoto/7295w000000W2nF/F","Mary Powers",,"2020-05-27T03:49:09.000Z","Andrew Martin","0055w00000D4KBeAAN","Mary Powers","Mary Powers","Mary Powers/Andrew Martin/Elliot Executive/Sam Ennis","Andrew Martin","Andrew Martin","Partner","00E5w000004erLyEAI","Cipient Networks Inc","true","High","true","RVP West","WA",,"2019-08-14T07:00:00.000Z","West Sales","Cipient Networks Inc 16","00E5w000004erLzEAI","2019_06","RVPWest","00E5w000004erLvEAI","https://samennis-20200526-demo--c.documentforce.com/profilephoto/7295w000000W2nF/T","Engineering","Corporate","mpowers1590550477739@demo.user","Cipient Networks Inc","Mary Powers","WestSales",,202.5956,7269000,245,203
"0015w00002DFNyzAAH","00E5w000004erLxEAI/00E5w000004erM0EAI/00E5w000004erLvEAI","0065w000022R2bpAAC","CompuHelp Internet Access, Inc","https://samennis-20200526-demo--c.documentforce.com/profilephoto/7295w000000W2nU/F","Rebecca Gonzalez",,"2020-05-27T03:54:24.000Z","Elliot Executive","0055w00000D4KBtAAN","Rebecca Gonzalez","Rebecca Gonzalez","Rebecca Gonzalez/John Chen/Elliot Executive/Sam Ennis","Elliot Executive","John Chen","Cold Call","00E5w000004erLwEAI","CompuHelp Internet Access, Inc","true","Low","true","RVP Central","NY",,"2018-08-21T07:00:00.000Z","Central Sales","CompuHelp Internet Access, Inc 190","00E5w000004erLxEAI","2019_06","RVPCentral","00E5w000004erLvEAI","https://samennis-20200526-demo--c.documentforce.com/profilephoto/7295w000000W2nU/T","Food & Beverage","Corporate","rgonzale1590550477838@demo.user","CompuHelp Internet Access, Inc","Rebecca Gonzalez","CentralSales",,0,4686000,69933,0
"0015w00002DFNsbAAH","00E5w000004erLzEAI/00E5w000004erM0EAI/00E5w000004erLvEAI","0065w000022R2T5AAK","GENCO Distribution System","https://samennis-20200526-demo--c.documentforce.com/profilephoto/7295w000000W2nF/F","Mary Powers",,"2020-05-27T03:54:04.000Z","Andrew Martin","0055w00000D4KBeAAN","Mary Powers","Mary Powers","Mary Powers/Andrew Martin/Elliot Executive/Sam Ennis","Andrew Martin","Andrew Martin","Social Media","00E5w000004erLyEAI","GENCO Distribution System","true","Low","true","RVP West","AZ",,"2019-11-08T08:00:00.000Z","West Sales","GENCO Distribution System 1","00E5w000004erLzEAI","2019_06","RVPWest","00E5w000004erLvEAI","https://samennis-20200526-demo--c.documentforce.com/profilephoto/7295w000000W2nF/T","Energy","Corporate","mpowers1590550477739@demo.user","GENCO Distribution System","Mary Powers","WestSales",,0,8919000,164,0
"0015w00002DFOCUAA5","00E5w000004erLzEAI/00E5w000004erM0EAI/00E5w000004erLvEAI","0065w000022R2shAAC","eB2X","https://samennis-20200526-demo--c.documentforce.com/profilephoto/7295w000000W2nF/F","Mary Powers",,"2020-05-27T03:56:17.000Z","Andrew Martin","0055w00000D4KBeAAN","Mary Powers","Mary Powers","Mary Powers/Andrew Martin/Elliot Executive/Sam Ennis","Andrew Martin","Andrew Martin","Social Media","00E5w000004erLyEAI","eB2X","true","High","true","RVP West","NV",,"2020-02-16T08:00:00.000Z","West Sales","eB2X 74","00E5w000004erLzEAI","2019_06","RVPWest","00E5w000004erLvEAI","https://samennis-20200526-demo--c.documentforce.com/profilephoto/7295w000000W2nF/T","Shipping","T100","mpowers1590550477739@demo.user","eB2X","Mary Powers","WestSales",,1932.098,7487020000,19970,1932
"0015w00002DFNTaAAP","00E5w000004erLxEAI/00E5w000004erM0EAI/00E5w000004erLvEAI","0065w000022R1wfAAC","ICC Industries","https://samennis-20200526-demo--c.documentforce.com/profilephoto/7295w000000W2nU/F","Rebecca Gonzalez",,"2020-05-27T03:50:14.000Z","Elliot Executive","0055w00000D4KBtAAN","Rebecca Gonzalez","Rebecca Gonzalez","Rebecca Gonzalez/John Chen/Elliot Executive/Sam Ennis","Elliot Executive","John Chen","Inbound Call","00E5w000004erLwEAI","ICC Industries","true","Low","true","RVP Central","IL",,"2020-01-06T08:00:00.000Z","Central Sales","ICC Industries 171","00E5w000004erLxEAI","2019_06","RVPCentral","00E5w000004erLvEAI","https://samennis-20200526-demo--c.documentforce.com/profilephoto/7295w000000W2nU/T","Communications","Corporate","rgonzale1590550477838@demo.user","ICC Industries","Rebecca Gonzalez","CentralSales",,0,9486000,109,0
"0015w00002DFO9uAAH","00E5w000004erLxEAI/00E5w000004erM0EAI/00E5w000004erLvEAI","0065w000022R2pOAAS","Johns-Byrne Company","https://samennis-20200526-demo--c.documentforce.com/profilephoto/7295w000000W2mW/F","Crystal Stevens",,"2020-05-27T03:56:04.000Z","Crystal Stevens","0055w00000D4KBsAAN","Crystal Stevens","Crystal Stevens","Crystal Stevens/John Chen/Elliot Executive/Sam Ennis","Crystal Stevens","John Chen","Partner","00E5w000004erLwEAI","Johns-Byrne Company","true","Low","true","RVP Central","NJ",,"2019-03-04T08:00:00.000Z","Central Sales","Johns-Byrne Company 20","00E5w000004erLxEAI","2019_07","RVPCentral","00E5w000004erLvEAI","https://samennis-20200526-demo--c.documentforce.com/profilephoto/7295w000000W2mW/T","Healthcare & Life Sciences","Enterprise","cstevens1590550477831@demo.user","Johns-Byrne Company","Crystal Stevens","CentralSales",,0,1692396000,90653,0
"0015w00002DFOBwAAP","00E5w000004erLzEAI/00E5w000004erM0EAI/00E5w000004erLvEAI","0065w000022R2rxAAC","Yunker Industries","https://samennis-20200526-demo--c.documentforce.com/profilephoto/7295w000000W2nA/F","Kristen Miller",,"2020-05-27T03:56:17.000Z","Andrew Martin","0055w00000D4KBqAAN","Kristen Miller","Kristen Miller","Kristen Miller/Andrew Martin/Elliot Executive/Sam Ennis","Andrew Martin","Andrew Martin","Marketing Event","00E5w000004erLyEAI","Yunker Industries","true","Low","true","RVP West","UT",,"2019-01-25T08:00:00.000Z","West Sales","Yunker Industries 188","00E5w000004erLzEAI","2019_07","RVPWest","00E5w000004erLvEAI","https://samennis-20200526-demo--c.documentforce.com/profilephoto/7295w000000W2nA/T","Hospitality","T100","kmiller1590550477818@demo.user","Yunker Industries","Kristen Miller","WestSales",,0,4930081000,1258,0
"0015w00002DFO5FAAX","00E5w000004erLxEAI/00E5w000004erM0EAI/00E5w000004erLvEAI","0065w000022R2jNAAS","SendOrder.com","https://samennis-20200526-demo--c.documentforce.com/profilephoto/7295w000000W2nZ/F","Michelle Stanley",,"2020-05-27T03:54:48.000Z","Elliot Executive","0055w00000D4KBrAAN","Michelle Stanley","Michelle Stanley","Michelle Stanley/John Chen/Elliot Executive/Sam Ennis","Elliot Executive","John Chen","Marketing Event","00E5w000004erLwEAI","SendOrder.com","true","Low","true","RVP Central","LA",,"2019-09-25T07:00:00.000Z","Central Sales","SendOrder.com 251","00E5w000004erLxEAI","2019_07","RVPCentral","00E5w000004erLvEAI","https://samennis-20200526-demo--c.documentforce.com/profilephoto/7295w000000W2nZ/T","Retail","Mid-Market","mstanley1590550477825@demo.user","SendOrder.com","Michelle Stanley","CentralSales",,0,417182000,3118,0
"0015w00002DFO92AAH","00E5w000004erLxEAI/00E5w000004erM0EAI/00E5w000004erLvEAI","0065w000022R2oLAAS","Performance Resources","https://samennis-20200526-demo--c.documentforce.com/profilephoto/7295w000000W2nZ/F","Michelle Stanley",,"2020-05-27T03:56:04.000Z","Elliot Executive","0055w00000D4KBrAAN","Michelle Stanley","Michelle Stanley","Michelle Stanley/John Chen/Elliot Executive/Sam Ennis","Elliot Executive","John Chen","Cold Call","00E5w000004erLwEAI","Performance Resources","true","Low","true","RVP Central","MO",,"2018-06-18T07:00:00.000Z","Central Sales","Performance Resources 4","00E5w000004erLxEAI","2019_07","RVPCentral","00E5w000004erLvEAI","https://samennis-20200526-demo--c.documentforce.com/profilephoto/7295w000000W2nZ/T","Communications","Enterprise","mstanley1590550477825@demo.user","Performance Resources","Michelle Stanley","CentralSales",,0,1566039000,91348,0
"0015w00002DFNzwAAH","00E5w000004erM7EAI/00E5w000004erM0EAI/00E5w000004erLvEAI","0065w000022R2d3AAC","advisor square","https://samennis-20200526-demo--c.documentforce.com/profilephoto/7295w000000W2mv/F","Brian Norris",,"2020-05-27T03:54:34.000Z","Brian Norris","0055w00000D4KBiAAN","Brian Norris","Brian Norris","Brian Norris/Edwin Tucker/Elliot Executive/Sam Ennis","Brian Norris","Edwin Tucker","Marketing Event","00E5w000004erM5EAI","advisor square","true","Low","true","RVP East","SC",,"2019-11-29T08:00:00.000Z","East Sales","advisor square 110","00E5w000004erM7EAI","2019_07","RVPEast","00E5w000004erLvEAI","https://samennis-20200526-demo--c.documentforce.com/profilephoto/7295w000000W2mv/T","Government","SMB","bnorris1590550477769@demo.user","advisor square","Brian Norris","EastSales",,0,39470000,148,0
"0015w00002DFNWGAA5","00E5w000004erLxEAI/00E5w000004erM0EAI/00E5w000004erLvEAI","0065w000022R208AAC","Celebrate As One","https://samennis-20200526-demo--c.documentforce.com/profilephoto/7295w000000W2nU/F","Rebecca Gonzalez",,"2020-05-27T03:51:31.000Z","Elliot Executive","0055w00000D4KBtAAN","Rebecca Gonzalez","Rebecca Gonzalez","Rebecca Gonzalez/John Chen/Elliot Executive/Sam Ennis","Elliot Executive","John Chen","Inbound Call","00E5w000004erLwEAI","Celebrate As One","true","Low","true","RVP Central","OH",,"2019-01-04T08:00:00.000Z","Central Sales","Celebrate As One 181","00E5w000004erLxEAI","2019_10","RVPCentral","00E5w000004erLvEAI","https://samennis-20200526-demo--c.documentforce.com/profilephoto/7295w000000W2nU/T","Energy","Corporate","rgonzale1590550477838@demo.user","Celebrate As One","Rebecca Gonzalez","CentralSales",,5.2976,5907000,182,5
"0015w00002DFNM0AAP","00E5w000004erLzEAI/00E5w000004erM0EAI/00E5w000004erLvEAI","0065w000022R1m3AAC","adeptive.com","https://samennis-20200526-demo--c.documentforce.com/profilephoto/7295w000000W2nF/F","Mary Powers",,"2020-05-27T03:49:40.000Z","Andrew Martin","0055w00000D4KBeAAN","Mary Powers","Mary Powers","Mary Powers/Andrew Martin/Elliot Executive/Sam Ennis","Andrew Martin","Andrew Martin","Community","00E5w000004erLyEAI","adeptive.com","true","Low","true","RVP West","WA",,"2018-08-03T07:00:00.000Z","West Sales","adeptive.com 123","00E5w000004erLzEAI","2019_10","RVPWest","00E5w000004erLvEAI","https://samennis-20200526-demo--c.documentforce.com/profilephoto/7295w000000W2nF/T","Shipping","Corporate","mpowers1590550477739@demo.user","adeptive.com","Mary Powers","WestSales",,3.4,9093000,176,3
"0015w00002DFNXLAA5","00E5w000004erLzEAI/00E5w000004erM0EAI/00E5w000004erLvEAI","0065w000022R21cAAC","Airspeak Inc","https://samennis-20200526-demo--c.documentforce.com/profilephoto/7295w000000W2mR/F","Brandy Mullins",,"2020-05-27T03:51:40.000Z","Andrew Martin","0055w00000D4KBgAAN","Brandy Mullins","Brandy Mullins","Brandy Mullins/Andrew Martin/Elliot Executive/Sam Ennis","Andrew Martin","Andrew Martin","Data.com","00E5w000004erLyEAI","Airspeak Inc","true","High","true","RVP West","CA",,"2019-01-03T08:00:00.000Z","West Sales","Airspeak Inc 170","00E5w000004erLzEAI","2019_10","RVPWest","00E5w000004erLvEAI","https://samennis-20200526-demo--c.documentforce.com/profilephoto/7295w000000W2mR/T","Healthcare & Life Sciences","Corporate","bmullins1590550477755@demo.user","Airspeak Inc","Brandy Mullins","WestSales",,663.854,6788000,144,664
"0015w00002DFNizAAH","00E5w000004erLxEAI/00E5w000004erM0EAI/00E5w000004erLvEAI","0065w000022R2GFAA0","Calance","https://samennis-20200526-demo--c.documentforce.com/profilephoto/7295w000000W2ne/F","Robin Montgomery",,"2020-05-27T03:52:21.000Z","Elliot Executive","0055w00000D4KBnAAN","Robin Montgomery","Robin Montgomery","Robin Montgomery/John Chen/Elliot Executive/Sam Ennis","Elliot Executive","John Chen","Community","00E5w000004erLwEAI","Calance","true","Low","true","RVP Central","TX",,"2018-07-05T07:00:00.000Z","Central Sales","Calance 28","00E5w000004erLxEAI","2019_10","RVPCentral","00E5w000004erLvEAI","https://samennis-20200526-demo--c.documentforce.com/profilephoto/7295w000000W2ne/T","Utilities","Corporate","rmontgom1590550477800@demo.user","Calance","Robin Montgomery","CentralSales",,0,3046000,241,0
"0015w00002DFNEmAAP","00E5w000004erLzEAI/00E5w000004erM0EAI/00E5w000004erLvEAI","0065w000022R1c5AAC","Micromenders","https://samennis-20200526-demo--c.documentforce.com/profilephoto/7295w000000W2mR/F","Brandy Mullins",,"2020-05-27T03:49:09.000Z","Andrew Martin","0055w00000D4KBgAAN","Brandy Mullins","Brandy Mullins","Brandy Mullins/Andrew Martin/Elliot Executive/Sam Ennis","Andrew Martin","Andrew Martin","Data.com","00E5w000004erLyEAI","Micromenders","true","Medium","true","RVP West","HI",,"2018-10-11T07:00:00.000Z","West Sales","Micromenders 246","00E5w000004erLzEAI","2019_10","RVPWest","00E5w000004erLvEAI","https://samennis-20200526-demo--c.documentforce.com/profilephoto/7295w000000W2mR/T","Consulting","Corporate","bmullins1590550477755@demo.user","Micromenders","Brandy Mullins","WestSales",,61.2307,9929000,52,61
"0015w00002DFNWxAAP","00E5w000004erLzEAI/00E5w000004erM0EAI/00E5w000004erLvEAI","0065w000022R219AAC","Westwave Communications","https://samennis-20200526-demo--c.documentforce.com/profilephoto/7295w000000W2nF/F","Mary Powers",,"2020-05-27T03:51:40.000Z","Andrew Martin","0055w00000D4KBeAAN","Mary Powers","Mary Powers","Mary Powers/Andrew Martin/Elliot Executive/Sam Ennis","Andrew Martin","Andrew Martin","Community","00E5w000004erLyEAI","Westwave Communications","true","Low","true","RVP West","CA",,"2019-03-14T07:00:00.000Z","West Sales","Westwave Communications 195","00E5w000004erLzEAI","2019_10","RVPWest","00E5w000004erLvEAI","https://samennis-20200526-demo--c.documentforce.com/profilephoto/7295w000000W2nF/T","Communications","Corporate","mpowers1590550477739@demo.user","Westwave Communications","Mary Powers","WestSales",,13.75,6326000,50,14
"0015w00002DFNyzAAH","00E5w000004erLxEAI/00E5w000004erM0EAI/00E5w000004erLvEAI","0065w000022R2bpAAC","CompuHelp Internet Access, Inc","https://samennis-20200526-demo--c.documentforce.com/profilephoto/7295w000000W2nU/F","Rebecca Gonzalez",,"2020-05-27T03:54:24.000Z","Elliot Executive","0055w00000D4KBtAAN","Rebecca Gonzalez","Rebecca Gonzalez","Rebecca Gonzalez/John Chen/Elliot Executive/Sam Ennis","Elliot Executive","John Chen","Cold Call","00E5w000004erLwEAI","CompuHelp Internet Access, Inc","true","Low","true","RVP Central","NY",,"2018-08-21T07:00:00.000Z","Central Sales","CompuHelp Internet Access, Inc 190","00E5w000004erLxEAI","2019_10","RVPCentral","00E5w000004erLvEAI","https://samennis-20200526-demo--c.documentforce.com/profilephoto/7295w000000W2nU/T","Food & Beverage","Corporate","rgonzale1590550477838@demo.user","CompuHelp Internet Access, Inc","Rebecca Gonzalez","CentralSales",,0,4686000,69933,0
"0015w00002DFNDLAA5","00E5w000004erLzEAI/00E5w000004erM0EAI/00E5w000004erLvEAI","0065w000022R1a4AAC","Gas Equipment Company","https://samennis-20200526-demo--c.documentforce.com/profilephoto/7295w000000W2nK/F","Amanda Hernandez",,"2020-05-27T03:49:09.000Z","Amanda Hernandez","0055w00000D4KBfAAN","Amanda Hernandez","Amanda Hernandez","Amanda Hernandez/Andrew Martin/Elliot Executive/Sam Ennis","Amanda Hernandez","Andrew Martin","Social Media","00E5w000004erLyEAI","Gas Equipment Company","true","Low","true","RVP West","WY",,"2018-07-14T07:00:00.000Z","West Sales","Gas Equipment Company 78","00E5w000004erLzEAI","2019_10","RVPWest","00E5w000004erLvEAI","https://samennis-20200526-demo--c.documentforce.com/profilephoto/7295w000000W2nK/T","Electronics","Corporate","ahernand1590550477747@demo.user","Gas Equipment Company","Amanda Hernandez","WestSales",,30.3911,8657000,46,30
"0015w00002DFNQ2AAP","00E5w000004erLzEAI/00E5w000004erM0EAI/00E5w000004erLvEAI","0065w000022R1s1AAC","SunTrust Banks","https://samennis-20200526-demo--c.documentforce.com/profilephoto/7295w000000W2nK/F","Amanda Hernandez",,"2020-05-27T03:49:58.000Z","Amanda Hernandez","0055w00000D4KBfAAN","Amanda Hernandez","Amanda Hernandez","Amanda Hernandez/Andrew Martin/Elliot Executive/Sam Ennis","Amanda Hernandez","Andrew Martin","Social Media","00E5w000004erLyEAI","SunTrust Banks","true","Low","true","RVP West","CO",,"2018-08-14T07:00:00.000Z","West Sales","SunTrust Banks 33","00E5w000004erLzEAI","2019_07","RVPWest","00E5w000004erLvEAI","https://samennis-20200526-demo--c.documentforce.com/profilephoto/7295w000000W2nK/T","Manufacturing","Corporate","ahernand1590550477747@demo.user","SunTrust Banks","Amanda Hernandez","WestSales",,6.3333,6586000,135,6
"0015w00002DFNJBAA5","00E5w000004erLzEAI/00E5w000004erM0EAI/00E5w000004erLvEAI","0065w000022R1i9AAC","CyberTrader","https://samennis-20200526-demo--c.documentforce.com/profilephoto/7295w000000W2nP/F","Heather Greer",,"2020-05-27T03:49:30.000Z","Andrew Martin","0055w00000D4KBpAAN","Heather Greer","Heather Greer","Heather Greer/Andrew Martin/Elliot Executive/Sam Ennis","Andrew Martin","Andrew Martin","Data.com","00E5w000004erLyEAI","CyberTrader","true","Low","true","RVP West","UT",,"2019-03-03T08:00:00.000Z","West Sales","CyberTrader 38","00E5w000004erLzEAI","2019_07","RVPWest","00E5w000004erLvEAI","https://samennis-20200526-demo--c.documentforce.com/profilephoto/7295w000000W2nP/T","Recreation","Corporate","hgreer1590550477812@demo.user","CyberTrader","Heather Greer","WestSales",,28,9551000,115,28
"0015w00002DFO9BAAX","00E5w000004erLzEAI/00E5w000004erM0EAI/00E5w000004erLvEAI","0065w000022R2oUAAS","Yuba Heat Transfer Division","https://samennis-20200526-demo--c.documentforce.com/profilephoto/7295w000000W2nK/F","Amanda Hernandez",,"2020-05-27T03:56:04.000Z","Amanda Hernandez","0055w00000D4KBfAAN","Amanda Hernandez","Amanda Hernandez","Amanda Hernandez/Andrew Martin/Elliot Executive/Sam Ennis","Amanda Hernandez","Andrew Martin","Community","00E5w000004erLyEAI","Yuba Heat Transfer Division","true","Low","true","RVP West","AK",,"2018-06-25T07:00:00.000Z","West Sales","Yuba Heat Transfer Division 171","00E5w000004erLzEAI","2019_07","RVPWest","00E5w000004erLvEAI","https://samennis-20200526-demo--c.documentforce.com/profilephoto/7295w000000W2nK/T","Recreation","Enterprise","ahernand1590550477747@demo.user","Yuba Heat Transfer Division","Amanda Hernandez","WestSales",,2,1455771000,122400,2
"0015w00002DFNnNAAX","00E5w000004erM7EAI/00E5w000004erM0EAI/00E5w000004erLvEAI","0065w000022R2LwAAK","Xerox Corporation - Houston","https://samennis-20200526-demo--c.documentforce.com/profilephoto/7295w000000W2ml/F","Craig Arnold",,"2020-05-27T03:53:44.000Z","Craig Arnold","0055w00000D4KBjAAN","Craig Arnold","Craig Arnold","Craig Arnold/Edwin Tucker/Elliot Executive/Sam Ennis","Craig Arnold","Edwin Tucker","Inbound Call","00E5w000004erM5EAI","Xerox Corporation - Houston","true","Medium","true","RVP East","CT",,"2018-10-13T07:00:00.000Z","East Sales","Xerox Corporation - Houston 99","00E5w000004erM7EAI","2019_07","RVPEast","00E5w000004erLvEAI","https://samennis-20200526-demo--c.documentforce.com/profilephoto/7295w000000W2ml/T","Entertainment","Corporate","carnold1590550477775@demo.user","Xerox Corporation - Houston","Craig Arnold","EastSales",,95.431,2549000,204,95
"0015w00002DFNV3AAP","00E5w000004erLxEAI/00E5w000004erM0EAI/00E5w000004erLvEAI","0065w000022R1yZAAS","Towers Perrin Forester & Crosby","https://samennis-20200526-demo--c.documentforce.com/profilephoto/7295w000000W2mW/F","Crystal Stevens",,"2020-05-27T03:51:31.000Z","Crystal Stevens","0055w00000D4KBsAAN","Crystal Stevens","Crystal Stevens","Crystal Stevens/John Chen/Elliot Executive/Sam Ennis","Crystal Stevens","John Chen","Partner","00E5w000004erLwEAI","Towers Perrin Forester & Crosby","true","Low","true","RVP Central","NE",,"2019-04-09T07:00:00.000Z","Central Sales","Towers Perrin Forester & Crosby 123","00E5w000004erLxEAI","2019_08","RVPCentral","00E5w000004erLvEAI","https://samennis-20200526-demo--c.documentforce.com/profilephoto/7295w000000W2mW/T","Recreation","Corporate","cstevens1590550477831@demo.user","Towers Perrin Forester & Crosby","Crystal Stevens","CentralSales",,23.3333,4307000,103,23
"0015w00002DFNewAAH","00E5w000004erM7EAI/00E5w000004erM0EAI/00E5w000004erLvEAI","0065w000022R2B9AAK","Carpet One","https://samennis-20200526-demo--c.documentforce.com/profilephoto/7295w000000W2n5/F","Steven Mathis",,"2020-05-27T03:52:11.000Z","Edwin Tucker","0055w00000D4KBlAAN","Steven Mathis","Steven Mathis","Steven Mathis/Edwin Tucker/Elliot Executive/Sam Ennis","Edwin Tucker","Edwin Tucker","Cold Call","00E5w000004erM5EAI","Carpet One","true","Low","true","RVP East","VT",,"2018-08-14T07:00:00.000Z","East Sales","Carpet One 18","00E5w000004erM7EAI","2019_09","RVPEast","00E5w000004erLvEAI","https://samennis-20200526-demo--c.documentforce.com/profilephoto/7295w000000W2n5/T","Apparel","Corporate","smathis1590550477787@demo.user","Carpet One","Steven Mathis","EastSales",,0,7924000,77,0
"0015w00002DFO6tAAH","00E5w000004erLxEAI/00E5w000004erM0EAI/00E5w000004erLvEAI","0065w000022R2lZAAS","OnDemand Inc","https://samennis-20200526-demo--c.documentforce.com/profilephoto/7295w000000W2nU/F","Rebecca Gonzalez",,"2020-05-27T03:55:53.000Z","Elliot Executive","0055w00000D4KBtAAN","Rebecca Gonzalez","Rebecca Gonzalez","Rebecca Gonzalez/John Chen/Elliot Executive/Sam Ennis","Elliot Executive","John Chen","Marketing Event","00E5w000004erLwEAI","OnDemand Inc","true","Low","true","RVP Central","NJ",,"2018-06-09T07:00:00.000Z","Central Sales","OnDemand Inc 87","00E5w000004erLxEAI","2019_09","RVPCentral","00E5w000004erLvEAI","https://samennis-20200526-demo--c.documentforce.com/profilephoto/7295w000000W2nU/T","Energy","Enterprise","rgonzale1590550477838@demo.user","OnDemand Inc","Rebecca Gonzalez","CentralSales",,12.1298,1145751000,215,12
"0015w00002DFNQpAAP","00E5w000004erLxEAI/00E5w000004erM0EAI/00E5w000004erLvEAI","0065w000022R1t1AAC","Tech Talent","https://samennis-20200526-demo--c.documentforce.com/profilephoto/7295w000000W2nZ/F","Michelle Stanley",,"2020-05-27T03:50:08.000Z","Elliot Executive","0055w00000D4KBrAAN","Michelle Stanley","Michelle Stanley","Michelle Stanley/John Chen/Elliot Executive/Sam Ennis","Elliot Executive","John Chen","Marketing Event","00E5w000004erLwEAI","Tech Talent","true","Low","true","RVP Central","MO",,"2019-03-18T07:00:00.000Z","Central Sales","Tech Talent 195","00E5w000004erLxEAI","2019_09","RVPCentral","00E5w000004erLvEAI","https://samennis-20200526-demo--c.documentforce.com/profilephoto/7295w000000W2nZ/T","Financial Services","Corporate","mstanley1590550477825@demo.user","Tech Talent","Michelle Stanley","CentralSales",,15,2587000,23,15
"0015w00002DFNTWAA5","00E5w000004erLxEAI/00E5w000004erM0EAI/00E5w000004erLvEAI","0065w000022R1waAAC","Group Health Cooperative","https://samennis-20200526-demo--c.documentforce.com/profilephoto/7295w000000W2nZ/F","Michelle Stanley",,"2020-05-27T03:50:14.000Z","Elliot Executive","0055w00000D4KBrAAN","Michelle Stanley","Michelle Stanley","Michelle Stanley/John Chen/Elliot Executive/Sam Ennis","Elliot Executive","John Chen","Inbound Call","00E5w000004erLwEAI","Group Health Cooperative","true","Low","true","RVP Central","MO",,"2019-04-28T07:00:00.000Z","Central Sales","Group Health Cooperative 131","00E5w000004erLxEAI","2019_09","RVPCentral","00E5w000004erLvEAI","https://samennis-20200526-demo--c.documentforce.com/profilephoto/7295w000000W2nZ/T","Energy","Corporate","mstanley1590550477825@demo.user","Group Health Cooperative","Michelle Stanley","CentralSales",,46.2,2351000,120,46
"0015w00002DFNTJAA5","00E5w000004erLxEAI/00E5w000004erM0EAI/00E5w000004erLvEAI","0065w000022R1wGAAS","MeadWestvaco","https://samennis-20200526-demo--c.documentforce.com/profilephoto/7295w000000W2ne/F","Robin Montgomery",,"2020-05-27T03:50:14.000Z","Elliot Executive","0055w00000D4KBnAAN","Robin Montgomery","Robin Montgomery","Robin Montgomery/John Chen/Elliot Executive/Sam Ennis","Elliot Executive","John Chen","Social Media","00E5w000004erLwEAI","MeadWestvaco","true","Low","true","RVP Central","MO",,"2020-03-02T08:00:00.000Z","Central Sales","MeadWestvaco 127","00E5w000004erLxEAI","2019_09","RVPCentral","00E5w000004erLvEAI","https://samennis-20200526-demo--c.documentforce.com/profilephoto/7295w000000W2ne/T","Other","Corporate","rmontgom1590550477800@demo.user","MeadWestvaco","Robin Montgomery","CentralSales",,0,2923000,174,0
"0015w00002DFNVoAAP","00E5w000004erLzEAI/00E5w000004erM0EAI/00E5w000004erLvEAI","0065w000022R1zaAAC","Torto Wheaton Research","https://samennis-20200526-demo--c.documentforce.com/profilephoto/7295w000000W2nK/F","Amanda Hernandez",,"2020-05-27T03:51:31.000Z","Amanda Hernandez","0055w00000D4KBfAAN","Amanda Hernandez","Amanda Hernandez","Amanda Hernandez/Andrew Martin/Elliot Executive/Sam Ennis","Amanda Hernandez","Andrew Martin","Community","00E5w000004erLyEAI","Torto Wheaton Research","true","Low","true","RVP West","UT",,"2019-05-29T07:00:00.000Z","West Sales","Torto Wheaton Research 34","00E5w000004erLzEAI","2019_11","RVPWest","00E5w000004erLvEAI","https://samennis-20200526-demo--c.documentforce.com/profilephoto/7295w000000W2nK/T","Telecommunications","Corporate","ahernand1590550477747@demo.user","Torto Wheaton Research","Amanda Hernandez","WestSales",,13.125,7306000,75,13
"0015w00002DFNM0AAP","00E5w000004erLzEAI/00E5w000004erM0EAI/00E5w000004erLvEAI","0065w000022R1m3AAC","adeptive.com","https://samennis-20200526-demo--c.documentforce.com/profilephoto/7295w000000W2nF/F","Mary Powers",,"2020-05-27T03:49:40.000Z","Andrew Martin","0055w00000D4KBeAAN","Mary Powers","Mary Powers","Mary Powers/Andrew Martin/Elliot Executive/Sam Ennis","Andrew Martin","Andrew Martin","Community","00E5w000004erLyEAI","adeptive.com","true","Low","true","RVP West","WA",,"2018-08-03T07:00:00.000Z","West Sales","adeptive.com 123","00E5w000004erLzEAI","2019_11","RVPWest","00E5w000004erLvEAI","https://samennis-20200526-demo--c.documentforce.com/profilephoto/7295w000000W2nF/T","Shipping","Corporate","mpowers1590550477739@demo.user","adeptive.com","Mary Powers","WestSales",,5.1739,9093000,176,5
"0015w00002DFOBwAAP","00E5w000004erLzEAI/00E5w000004erM0EAI/00E5w000004erLvEAI","0065w000022R2rxAAC","Yunker Industries","https://samennis-20200526-demo--c.documentforce.com/profilephoto/7295w000000W2nA/F","Kristen Miller",,"2020-05-27T03:56:17.000Z","Andrew Martin","0055w00000D4KBqAAN","Kristen Miller","Kristen Miller","Kristen Miller/Andrew Martin/Elliot Executive/Sam Ennis","Andrew Martin","Andrew Martin","Marketing Event","00E5w000004erLyEAI","Yunker Industries","true","Low","true","RVP West","UT",,"2019-01-25T08:00:00.000Z","West Sales","Yunker Industries 188","00E5w000004erLzEAI","2019_11","RVPWest","00E5w000004erLvEAI","https://samennis-20200526-demo--c.documentforce.com/profilephoto/7295w000000W2nA/T","Hospitality","T100","kmiller1590550477818@demo.user","Yunker Industries","Kristen Miller","WestSales",,0,4930081000,1258,0
"0015w00002DFNV3AAP","00E5w000004erLxEAI/00E5w000004erM0EAI/00E5w000004erLvEAI","0065w000022R1yZAAS","Towers Perrin Forester & Crosby","https://samennis-20200526-demo--c.documentforce.com/profilephoto/7295w000000W2mW/F","Crystal Stevens",,"2020-05-27T03:51:31.000Z","Crystal Stevens","0055w00000D4KBsAAN","Crystal Stevens","Crystal Stevens","Crystal Stevens/John Chen/Elliot Executive/Sam Ennis","Crystal Stevens","John Chen","Partner","00E5w000004erLwEAI","Towers Perrin Forester & Crosby","true","Low","true","RVP Central","NE",,"2019-04-09T07:00:00.000Z","Central Sales","Towers Perrin Forester & Crosby 123","00E5w000004erLxEAI","2019_11","RVPCentral","00E5w000004erLvEAI","https://samennis-20200526-demo--c.documentforce.com/profilephoto/7295w000000W2mW/T","Recreation","Corporate","cstevens1590550477831@demo.user","Towers Perrin Forester & Crosby","Crystal Stevens","CentralSales",,22,4307000,103,22
"0015w00002DFO3ZAAX","00E5w000004erLzEAI/00E5w000004erM0EAI/00E5w000004erLvEAI","0065w000022R2h8AAC","Newmarket International","https://samennis-20200526-demo--c.documentforce.com/profilephoto/7295w000000W2nK/F","Amanda Hernandez",,"2020-05-27T03:54:42.000Z","Amanda Hernandez","0055w00000D4KBfAAN","Amanda Hernandez","Amanda Hernandez","Amanda Hernandez/Andrew Martin/Elliot Executive/Sam Ennis","Amanda Hernandez","Andrew Martin","Cold Call","00E5w000004erLyEAI","Newmarket International","true","Low","true","RVP West","MT",,"2020-03-05T08:00:00.000Z","West Sales","Newmarket International 19","00E5w000004erLzEAI","2019_11","RVPWest","00E5w000004erLvEAI","https://samennis-20200526-demo--c.documentforce.com/profilephoto/7295w000000W2nK/T","Entertainment","Mid-Market","ahernand1590550477747@demo.user","Newmarket International","Amanda Hernandez","WestSales",,4.6667,393882000,901,5
"0015w00002DFNSlAAP","00E5w000004erLzEAI/00E5w000004erM0EAI/00E5w000004erLvEAI","0065w000022R1vbAAC","Individual Software","https://samennis-20200526-demo--c.documentforce.com/profilephoto/7295w000000W2mR/F","Brandy Mullins",,"2020-05-27T03:50:08.000Z","Andrew Martin","0055w00000D4KBgAAN","Brandy Mullins","Brandy Mullins","Brandy Mullins/Andrew Martin/Elliot Executive/Sam Ennis","Andrew Martin","Andrew Martin","Social Media","00E5w000004erLyEAI","Individual Software","true","Low","true","RVP West","WA",,"2018-12-01T08:00:00.000Z","West Sales","Individual Software 10","00E5w000004erLzEAI","2019_11","RVPWest","00E5w000004erLvEAI","https://samennis-20200526-demo--c.documentforce.com/profilephoto/7295w000000W2mR/T","Government","Corporate","bmullins1590550477755@demo.user","Individual Software","Brandy Mullins","WestSales",,0,9436000,126,0
"0015w00002DFNTeAAP","00E5w000004erLzEAI/00E5w000004erM0EAI/00E5w000004erLvEAI","0065w000022R1wjAAC","Kenwal Steel Corp.","https://samennis-20200526-demo--c.documentforce.com/profilephoto/7295w000000W2nB/F","Meagan Blevins",,"2020-05-27T03:50:14.000Z","Andrew Martin","0055w00000D4KBhAAN","Meagan Blevins","Meagan Blevins","Meagan Blevins/Andrew Martin/Elliot Executive/Sam Ennis","Andrew Martin","Andrew Martin","Social Media","00E5w000004erLyEAI","Kenwal Steel Corp.","true","Low","true","RVP West","WA",,"2019-06-27T07:00:00.000Z","West Sales","Kenwal Steel Corp. 254","00E5w000004erLzEAI","2019_11","RVPWest","00E5w000004erLvEAI","https://samennis-20200526-demo--c.documentforce.com/profilephoto/7295w000000W2nB/T","Consulting","Corporate","mblevins1590550477762@demo.user","Kenwal Steel Corp.","Meagan Blevins","WestSales",,7,4606000,173,7
"0015w00002DFNTJAA5","00E5w000004erLxEAI/00E5w000004erM0EAI/00E5w000004erLvEAI","0065w000022R1wGAAS","MeadWestvaco","https://samennis-20200526-demo--c.documentforce.com/profilephoto/7295w000000W2ne/F","Robin Montgomery",,"2020-05-27T03:50:14.000Z","Elliot Executive","0055w00000D4KBnAAN","Robin Montgomery","Robin Montgomery","Robin Montgomery/John Chen/Elliot Executive/Sam Ennis","Elliot Executive","John Chen","Social Media","00E5w000004erLwEAI","MeadWestvaco","true","Low","true","RVP Central","MO",,"2020-03-02T08:00:00.000Z","Central Sales","MeadWestvaco 127","00E5w000004erLxEAI","2019_11","RVPCentral","00E5w000004erLvEAI","https://samennis-20200526-demo--c.documentforce.com/profilephoto/7295w000000W2ne/T","Other","Corporate","rmontgom1590550477800@demo.user","MeadWestvaco","Robin Montgomery","CentralSales",,0,2923000,174,0
"0015w00002DFNnNAAX","00E5w000004erM7EAI/00E5w000004erM0EAI/00E5w000004erLvEAI","0065w000022R2LwAAK","Xerox Corporation - Houston","https://samennis-20200526-demo--c.documentforce.com/profilephoto/7295w000000W2ml/F","Craig Arnold",,"2020-05-27T03:53:44.000Z","Craig Arnold","0055w00000D4KBjAAN","Craig Arnold","Craig Arnold","Craig Arnold/Edwin Tucker/Elliot Executive/Sam Ennis","Craig Arnold","Edwin Tucker","Inbound Call","00E5w000004erM5EAI","Xerox Corporation - Houston","true","High","true","RVP East","CT",,"2018-10-13T07:00:00.000Z","East Sales","Xerox Corporation - Houston 99","00E5w000004erM7EAI","2019_11","RVPEast","00E5w000004erLvEAI","https://samennis-20200526-demo--c.documentforce.com/profilephoto/7295w000000W2ml/T","Entertainment","Corporate","carnold1590550477775@demo.user","Xerox Corporation - Houston","Craig Arnold","EastSales",,105.462,2549000,204,105
"0015w00002DFNfVAAX","00E5w000004erM7EAI/00E5w000004erM0EAI/00E5w000004erLvEAI","0065w000022R2BnAAK","IBM Software / Tivoli / Micromuse","https://samennis-20200526-demo--c.documentforce.com/profilephoto/7295w000000W2mg/F","Kaitlyn Guerrero",,"2020-05-27T03:52:11.000Z","Edwin Tucker","0055w00000D4KBkAAN","Kaitlyn Guerrero","Kaitlyn Guerrero","Kaitlyn Guerrero/Edwin Tucker/Elliot Executive/Sam Ennis","Edwin Tucker","Edwin Tucker","Partner","00E5w000004erM5EAI","IBM Software / Tivoli / Micromuse","true","High","true","RVP East","VA",,"2020-02-07T08:00:00.000Z","East Sales","IBM Software / Tivoli / Micromuse 22","00E5w000004erM7EAI","2019_11","RVPEast","00E5w000004erLvEAI","https://samennis-20200526-demo--c.documentforce.com/profilephoto/7295w000000W2mg/T","Hospitality","Corporate","kguerrer1590550477782@demo.user","IBM Software / Tivoli / Micromuse","Kaitlyn Guerrero","EastSales",,203,9650000,8,203
"0015w00002DFNpUAAX","00E5w000004erLxEAI/00E5w000004erM0EAI/00E5w000004erLvEAI","0065w000022R2OmAAK","Baron Group Inc","https://samennis-20200526-demo--c.documentforce.com/profilephoto/7295w000000W2ne/F","Robin Montgomery",,"2020-05-27T03:53:44.000Z","Elliot Executive","0055w00000D4KBnAAN","Robin Montgomery","Robin Montgomery","Robin Montgomery/John Chen/Elliot Executive/Sam Ennis","Elliot Executive","John Chen","Inbound Call","00E5w000004erLwEAI","Baron Group Inc","true","Low","true","RVP Central","NJ",,"2020-02-19T08:00:00.000Z","Central Sales","Baron Group Inc 118","00E5w000004erLxEAI","2019_12","RVPCentral","00E5w000004erLvEAI","https://samennis-20200526-demo--c.documentforce.com/profilephoto/7295w000000W2ne/T","Manufacturing","Corporate","rmontgom1590550477800@demo.user","Baron Group Inc","Robin Montgomery","CentralSales",,3.9094,5782000,153,4
"0015w00002DFO7xAAH","00E5w000004erLxEAI/00E5w000004erM0EAI/00E5w000004erLvEAI","0065w000022R2mzAAC","John Q. Hammons Hotels","https://samennis-20200526-demo--c.documentforce.com/profilephoto/7295w000000W2mW/F","Crystal Stevens",,"2020-05-27T03:55:53.000Z","Crystal Stevens","0055w00000D4KBsAAN","Crystal Stevens","Crystal Stevens","Crystal Stevens/John Chen/Elliot Executive/Sam Ennis","Crystal Stevens","John Chen","Community","00E5w000004erLwEAI","John Q. Hammons Hotels","true","Low","true","RVP Central","NY",,"2020-02-19T08:00:00.000Z","Central Sales","John Q. Hammons Hotels 236","00E5w000004erLxEAI","2019_12","RVPCentral","00E5w000004erLvEAI","https://samennis-20200526-demo--c.documentforce.com/profilephoto/7295w000000W2mW/T","Machinery","Enterprise","cstevens1590550477831@demo.user","John Q. Hammons Hotels","Crystal Stevens","CentralSales",,0,1848259000,3821,0
"0015w00002DFNXLAA5","00E5w000004erLzEAI/00E5w000004erM0EAI/00E5w000004erLvEAI","0065w000022R21cAAC","Airspeak Inc","https://samennis-20200526-demo--c.documentforce.com/profilephoto/7295w000000W2mR/F","Brandy Mullins",,"2020-05-27T03:51:40.000Z","Andrew Martin","0055w00000D4KBgAAN","Brandy Mullins","Brandy Mullins","Brandy Mullins/Andrew Martin/Elliot Executive/Sam Ennis","Andrew Martin","Andrew Martin","Data.com","00E5w000004erLyEAI","Airspeak Inc","true","High","true","RVP West","CA",,"2019-01-03T08:00:00.000Z","West Sales","Airspeak Inc 170","00E5w000004erLzEAI","2019_12","RVPWest","00E5w000004erLvEAI","https://samennis-20200526-demo--c.documentforce.com/profilephoto/7295w000000W2mR/T","Healthcare & Life Sciences","Corporate","bmullins1590550477755@demo.user","Airspeak Inc","Brandy Mullins","WestSales",,460.6912,6788000,144,461
"0015w00002DFOBwAAP","00E5w000004erLzEAI/00E5w000004erM0EAI/00E5w000004erLvEAI","0065w000022R2rxAAC","Yunker Industries","https://samennis-20200526-demo--c.documentforce.com/profilephoto/7295w000000W2nA/F","Kristen Miller",,"2020-05-27T03:56:17.000Z","Andrew Martin","0055w00000D4KBqAAN","Kristen Miller","Kristen Miller","Kristen Miller/Andrew Martin/Elliot Executive/Sam Ennis","Andrew Martin","Andrew Martin","Marketing Event","00E5w000004erLyEAI","Yunker Industries","true","Low","true","RVP West","UT",,"2019-01-25T08:00:00.000Z","West Sales","Yunker Industries 188","00E5w000004erLzEAI","2019_12","RVPWest","00E5w000004erLvEAI","https://samennis-20200526-demo--c.documentforce.com/profilephoto/7295w000000W2nA/T","Hospitality","T100","kmiller1590550477818@demo.user","Yunker Industries","Kristen Miller","WestSales",,0,4930081000,1258,0
"0015w00002DFNGIAA5","00E5w000004erLzEAI/00E5w000004erM0EAI/00E5w000004erLvEAI","0065w000022R1eCAAS","Transoft Networks","https://samennis-20200526-demo--c.documentforce.com/profilephoto/7295w000000W2nP/F","Heather Greer",,"2020-05-27T03:49:21.000Z","Andrew Martin","0055w00000D4KBpAAN","Heather Greer","Heather Greer","Heather Greer/Andrew Martin/Elliot Executive/Sam Ennis","Andrew Martin","Andrew Martin","Data.com","00E5w000004erLyEAI","Transoft Networks","true","Low","true","RVP West","WA",,"2020-03-02T08:00:00.000Z","West Sales","Transoft Networks 24","00E5w000004erLzEAI","2019_12","RVPWest","00E5w000004erLvEAI","https://samennis-20200526-demo--c.documentforce.com/profilephoto/7295w000000W2nP/T","Banking","Corporate","hgreer1590550477812@demo.user","Transoft Networks","Heather Greer","WestSales",,0,4868000,203,0
"0015w00002DFNnNAAX","00E5w000004erM7EAI/00E5w000004erM0EAI/00E5w000004erLvEAI","0065w000022R2LwAAK","Xerox Corporation - Houston","https://samennis-20200526-demo--c.documentforce.com/profilephoto/7295w000000W2ml/F","Craig Arnold",,"2020-05-27T03:53:44.000Z","Craig Arnold","0055w00000D4KBjAAN","Craig Arnold","Craig Arnold","Craig Arnold/Edwin Tucker/Elliot Executive/Sam Ennis","Craig Arnold","Edwin Tucker","Inbound Call","00E5w000004erM5EAI","Xerox Corporation - Houston","true","High","true","RVP East","CT",,"2018-10-13T07:00:00.000Z","East Sales","Xerox Corporation - Houston 99","00E5w000004erM7EAI","2019_12","RVPEast","00E5w000004erLvEAI","https://samennis-20200526-demo--c.documentforce.com/profilephoto/7295w000000W2ml/T","Entertainment","Corporate","carnold1590550477775@demo.user","Xerox Corporation - Houston","Craig Arnold","EastSales",,139.762,2549000,204,140
"0015w00002DFOBvAAP","00E5w000004erLzEAI/00E5w000004erM0EAI/00E5w000004erLvEAI","0065w000022R2rvAAC","Autobahn Wholesale","https://samennis-20200526-demo--c.documentforce.com/profilephoto/7295w000000W2mR/F","Brandy Mullins",,"2020-05-27T03:56:17.000Z","Andrew Martin","0055w00000D4KBgAAN","Brandy Mullins","Brandy Mullins","Brandy Mullins/Andrew Martin/Elliot Executive/Sam Ennis","Andrew Martin","Andrew Martin","Referral","00E5w000004erLyEAI","Autobahn Wholesale","true","Low","true","RVP West","ID",,"2019-06-04T07:00:00.000Z","West Sales","Autobahn Wholesale 157","00E5w000004erLzEAI","2019_12","RVPWest","00E5w000004erLvEAI","https://samennis-20200526-demo--c.documentforce.com/profilephoto/7295w000000W2mR/T","Insurance","T100","bmullins1590550477755@demo.user","Autobahn Wholesale","Brandy Mullins","WestSales",,0,6189411000,1418,0
"0015w00002DFNxFAAX","00E5w000004erLzEAI/00E5w000004erM0EAI/00E5w000004erLvEAI","0065w000022R2ZYAA0","Palaver Communications","https://samennis-20200526-demo--c.documentforce.com/profilephoto/7295w000000W2nF/F","Mary Powers",,"2020-05-27T03:54:24.000Z","Andrew Martin","0055w00000D4KBeAAN","Mary Powers","Mary Powers","Mary Powers/Andrew Martin/Elliot Executive/Sam Ennis","Andrew Martin","Andrew Martin","Marketing Event","00E5w000004erLyEAI","Palaver Communications","true","Low","true","RVP West","UT",,"2018-10-29T07:00:00.000Z","West Sales","Palaver Communications 56","00E5w000004erLzEAI","2020_01","RVPWest","00E5w000004erLvEAI","https://samennis-20200526-demo--c.documentforce.com/profilephoto/7295w000000W2nF/T","Manufacturing","Corporate","mpowers1590550477739@demo.user","Palaver Communications","Mary Powers","WestSales",,0.8976,7054000,22491,1
"0015w00002DFO1RAAX","00E5w000004erM7EAI/00E5w000004erM0EAI/00E5w000004erLvEAI","0065w000022R2eNAAS","General Casualty Co","https://samennis-20200526-demo--c.documentforce.com/profilephoto/7295w000000W2mg/F","Kaitlyn Guerrero",,"2020-05-27T03:54:34.000Z","Edwin Tucker","0055w00000D4KBkAAN","Kaitlyn Guerrero","Kaitlyn Guerrero","Kaitlyn Guerrero/Edwin Tucker/Elliot Executive/Sam Ennis","Edwin Tucker","Edwin Tucker","Marketing Event","00E5w000004erM5EAI","General Casualty Co","true","Low","true","RVP East","NC",,"2020-04-30T07:00:00.000Z","East Sales","General Casualty Co 193","00E5w000004erM7EAI","2020_01","RVPEast","00E5w000004erLvEAI","https://samennis-20200526-demo--c.documentforce.com/profilephoto/7295w000000W2mg/T","Manufacturing","SMB","kguerrer1590550477782@demo.user","General Casualty Co","Kaitlyn Guerrero","EastSales",,1.1667,29123000,572,1
"0015w00002DFNEVAA5","00E5w000004erLzEAI/00E5w000004erM0EAI/00E5w000004erLvEAI","0065w000022R1bbAAC","Kjr 950 Am","https://samennis-20200526-demo--c.documentforce.com/profilephoto/7295w000000W2nF/F","Mary Powers",,"2020-05-27T03:49:09.000Z","Andrew Martin","0055w00000D4KBeAAN","Mary Powers","Mary Powers","Mary Powers/Andrew Martin/Elliot Executive/Sam Ennis","Andrew Martin","Andrew Martin","Social Media","00E5w000004erLyEAI","Kjr 950 Am","true","Low","true","RVP West","WA",,"2018-08-12T07:00:00.000Z","West Sales","Kjr 950 Am 121","00E5w000004erLzEAI","2020_01","RVPWest","00E5w000004erLvEAI","https://samennis-20200526-demo--c.documentforce.com/profilephoto/7295w000000W2nF/T","Energy","Corporate","mpowers1590550477739@demo.user","Kjr 950 Am","Mary Powers","WestSales",,42.4118,4728000,130,42
"0015w00002DFNVjAAP","00E5w000004erLxEAI/00E5w000004erM0EAI/00E5w000004erLvEAI","0065w000022R1zVAAS","F5(formerly Uroam )(formerly Filanet Cor","https://samennis-20200526-demo--c.documentforce.com/profilephoto/7295w000000W2ne/F","Robin Montgomery",,"2020-05-27T03:51:31.000Z","Elliot Executive","0055w00000D4KBnAAN","Robin Montgomery","Robin Montgomery","Robin Montgomery/John Chen/Elliot Executive/Sam Ennis","Elliot Executive","John Chen","Website","00E5w000004erLwEAI","F5(formerly Uroam )(formerly Filanet Cor","true","Low","true","RVP Central","IN",,"2019-11-09T08:00:00.000Z","Central Sales","F5(formerly Uroam )(formerly Filanet Cor 201","00E5w000004erLxEAI","2020_01","RVPCentral","00E5w000004erLvEAI","https://samennis-20200526-demo--c.documentforce.com/profilephoto/7295w000000W2ne/T","Energy","Corporate","rmontgom1590550477800@demo.user","F5(formerly Uroam )(formerly Filanet Cor","Robin Montgomery","CentralSales",,2.5278,3359000,180,3
"0015w00002DFNVJAA5","00E5w000004erLxEAI/00E5w000004erM0EAI/00E5w000004erLvEAI","0065w000022R1ywAAC","Acutherm","https://samennis-20200526-demo--c.documentforce.com/profilephoto/7295w000000W2mW/F","Crystal Stevens",,"2020-05-27T03:51:31.000Z","Crystal Stevens","0055w00000D4KBsAAN","Crystal Stevens","Crystal Stevens","Crystal Stevens/John Chen/Elliot Executive/Sam Ennis","Crystal Stevens","John Chen","Referral","00E5w000004erLwEAI","Acutherm","true","High","true","RVP Central","IL",,"2019-11-17T08:00:00.000Z","Central Sales","Acutherm 197","00E5w000004erLxEAI","2020_01","RVPCentral","00E5w000004erLvEAI","https://samennis-20200526-demo--c.documentforce.com/profilephoto/7295w000000W2mW/T","Banking","Corporate","cstevens1590550477831@demo.user","Acutherm","Crystal Stevens","CentralSales",,113.6292,7625000,68,114
"0015w00002DFNI4AAP","00E5w000004erLzEAI/00E5w000004erM0EAI/00E5w000004erLvEAI","0065w000022R1gbAAC","Toledo Medical Imaging","https://samennis-20200526-demo--c.documentforce.com/profilephoto/7295w000000W2nF/F","Mary Powers",,"2020-05-27T03:49:30.000Z","Andrew Martin","0055w00000D4KBeAAN","Mary Powers","Mary Powers","Mary Powers/Andrew Martin/Elliot Executive/Sam Ennis","Andrew Martin","Andrew Martin","Referral","00E5w000004erLyEAI","Toledo Medical Imaging","true","Low","true","RVP West","AK",,"2019-05-11T07:00:00.000Z","West Sales","Toledo Medical Imaging 133","00E5w000004erLzEAI","2020_01","RVPWest","00E5w000004erLvEAI","https://samennis-20200526-demo--c.documentforce.com/profilephoto/7295w000000W2nF/T","Consulting","Corporate","mpowers1590550477739@demo.user","Toledo Medical Imaging","Mary Powers","WestSales",,44.0427,4289000,124,44
"0015w00002DFNQpAAP","00E5w000004erLxEAI/00E5w000004erM0EAI/00E5w000004erLvEAI","0065w000022R1t1AAC","Tech Talent","https://samennis-20200526-demo--c.documentforce.com/profilephoto/7295w000000W2nZ/F","Michelle Stanley",,"2020-05-27T03:50:08.000Z","Elliot Executive","0055w00000D4KBrAAN","Michelle Stanley","Michelle Stanley","Michelle Stanley/John Chen/Elliot Executive/Sam Ennis","Elliot Executive","John Chen","Marketing Event","00E5w000004erLwEAI","Tech Talent","true","Low","true","RVP Central","MO",,"2019-03-18T07:00:00.000Z","Central Sales","Tech Talent 195","00E5w000004erLxEAI","2020_01","RVPCentral","00E5w000004erLvEAI","https://samennis-20200526-demo--c.documentforce.com/profilephoto/7295w000000W2nZ/T","Financial Services","Corporate","mstanley1590550477825@demo.user","Tech Talent","Michelle Stanley","CentralSales",,34,2587000,23,34
"0015w00002DFNY1AAP","00E5w000004erLzEAI/00E5w000004erM0EAI/00E5w000004erLvEAI","0065w000022R22ZAAS","BlackBoard Connect","https://samennis-20200526-demo--c.documentforce.com/profilephoto/7295w000000W2nA/F","Kristen Miller",,"2020-05-27T03:51:40.000Z","Andrew Martin","0055w00000D4KBqAAN","Kristen Miller","Kristen Miller","Kristen Miller/Andrew Martin/Elliot Executive/Sam Ennis","Andrew Martin","Andrew Martin","Cold Call","00E5w000004erLyEAI","BlackBoard Connect","true","Low","true","RVP West","NV",,"2019-04-28T07:00:00.000Z","West Sales","BlackBoard Connect 39","00E5w000004erLzEAI","2020_01","RVPWest","00E5w000004erLvEAI","https://samennis-20200526-demo--c.documentforce.com/profilephoto/7295w000000W2nA/T","Manufacturing","Corporate","kmiller1590550477818@demo.user","BlackBoard Connect","Kristen Miller","WestSales",,0,4200000,75,0
"0015w00002DFNV3AAP","00E5w000004erLxEAI/00E5w000004erM0EAI/00E5w000004erLvEAI","0065w000022R1yZAAS","Towers Perrin Forester & Crosby","https://samennis-20200526-demo--c.documentforce.com/profilephoto/7295w000000W2mW/F","Crystal Stevens",,"2020-05-27T03:51:31.000Z","Crystal Stevens","0055w00000D4KBsAAN","Crystal Stevens","Crystal Stevens","Crystal Stevens/John Chen/Elliot Executive/Sam Ennis","Crystal Stevens","John Chen","Partner","00E5w000004erLwEAI","Towers Perrin Forester & Crosby","true","Low","true","RVP Central","NE",,"2019-04-09T07:00:00.000Z","Central Sales","Towers Perrin Forester & Crosby 123","00E5w000004erLxEAI","2020_01","RVPCentral","00E5w000004erLvEAI","https://samennis-20200526-demo--c.documentforce.com/profilephoto/7295w000000W2mW/T","Recreation","Corporate","cstevens1590550477831@demo.user","Towers Perrin Forester & Crosby","Crystal Stevens","CentralSales",,34.8678,4307000,103,35
"0015w00002DFNsbAAH","00E5w000004erLzEAI/00E5w000004erM0EAI/00E5w000004erLvEAI","0065w000022R2T5AAK","GENCO Distribution System","https://samennis-20200526-demo--c.documentforce.com/profilephoto/7295w000000W2nF/F","Mary Powers",,"2020-05-27T03:54:04.000Z","Andrew Martin","0055w00000D4KBeAAN","Mary Powers","Mary Powers","Mary Powers/Andrew Martin/Elliot Executive/Sam Ennis","Andrew Martin","Andrew Martin","Social Media","00E5w000004erLyEAI","GENCO Distribution System","true","Low","true","RVP West","AZ",,"2019-11-08T08:00:00.000Z","West Sales","GENCO Distribution System 1","00E5w000004erLzEAI","2020_01","RVPWest","00E5w000004erLvEAI","https://samennis-20200526-demo--c.documentforce.com/profilephoto/7295w000000W2nF/T","Energy","Corporate","mpowers1590550477739@demo.user","GENCO Distribution System","Mary Powers","WestSales",,0,8919000,164,0
"0015w00002DFNfVAAX","00E5w000004erM7EAI/00E5w000004erM0EAI/00E5w000004erLvEAI","0065w000022R2BnAAK","IBM Software / Tivoli / Micromuse","https://samennis-20200526-demo--c.documentforce.com/profilephoto/7295w000000W2mg/F","Kaitlyn Guerrero",,"2020-05-27T03:52:11.000Z","Edwin Tucker","0055w00000D4KBkAAN","Kaitlyn Guerrero","Kaitlyn Guerrero","Kaitlyn Guerrero/Edwin Tucker/Elliot Executive/Sam Ennis","Edwin Tucker","Edwin Tucker","Partner","00E5w000004erM5EAI","IBM Software / Tivoli / Micromuse","true","High","true","RVP East","VA",,"2020-02-07T08:00:00.000Z","East Sales","IBM Software / Tivoli / Micromuse 22","00E5w000004erM7EAI","2020_01","RVPEast","00E5w000004erLvEAI","https://samennis-20200526-demo--c.documentforce.com/profilephoto/7295w000000W2mg/T","Hospitality","Corporate","kguerrer1590550477782@demo.user","IBM Software / Tivoli / Micromuse","Kaitlyn Guerrero","EastSales",,315,9650000,8,315
"0015w00002DFNWGAA5","00E5w000004erLxEAI/00E5w000004erM0EAI/00E5w000004erLvEAI","0065w000022R208AAC","Celebrate As One","https://samennis-20200526-demo--c.documentforce.com/profilephoto/7295w000000W2nU/F","Rebecca Gonzalez",,"2020-05-27T03:51:31.000Z","Elliot Executive","0055w00000D4KBtAAN","Rebecca Gonzalez","Rebecca Gonzalez","Rebecca Gonzalez/John Chen/Elliot Executive/Sam Ennis","Elliot Executive","John Chen","Inbound Call","00E5w000004erLwEAI","Celebrate As One","true","Low","true","RVP Central","OH",,"2019-01-04T08:00:00.000Z","Central Sales","Celebrate As One 181","00E5w000004erLxEAI","2020_02","RVPCentral","00E5w000004erLvEAI","https://samennis-20200526-demo--c.documentforce.com/profilephoto/7295w000000W2nU/T","Energy","Corporate","rgonzale1590550477838@demo.user","Celebrate As One","Rebecca Gonzalez","CentralSales",,6.3327,5907000,182,6
"0015w00002DFNlMAAX","00E5w000004erLxEAI/00E5w000004erM0EAI/00E5w000004erLvEAI","0065w000022R2JWAA0","NYSE Governance Services","https://samennis-20200526-demo--c.documentforce.com/profilephoto/7295w000000W2mb/F","Theresa Jones",,"2020-05-27T03:52:30.000Z","Elliot Executive","0055w00000D4KBoAAN","Theresa Jones","Theresa Jones","Theresa Jones/John Chen/Elliot Executive/Sam Ennis","Elliot Executive","John Chen","Website","00E5w000004erLwEAI","NYSE Governance Services","true","High","true","RVP Central","AR",,"2018-12-15T08:00:00.000Z","Central Sales","NYSE Governance Services 170","00E5w000004erLxEAI","2020_02","RVPCentral","00E5w000004erLvEAI","https://samennis-20200526-demo--c.documentforce.com/profilephoto/7295w000000W2mb/T","Insurance","Corporate","tjones1590550477806@demo.user","NYSE Governance Services","Theresa Jones","CentralSales",,104.2654,7299000,62,104
"0015w00002DFNxvAAH","00E5w000004erLxEAI/00E5w000004erM0EAI/00E5w000004erLvEAI","0065w000022R2aUAAS","Pitney Bowes Distribution Ctr","https://samennis-20200526-demo--c.documentforce.com/profilephoto/7295w000000W2ne/F","Robin Montgomery",,"2020-05-27T03:54:24.000Z","Elliot Executive","0055w00000D4KBnAAN","Robin Montgomery","Robin Montgomery","Robin Montgomery/John Chen/Elliot Executive/Sam Ennis","Elliot Executive","John Chen","Marketing Event","00E5w000004erLwEAI","Pitney Bowes Distribution Ctr","true","Low","true","RVP Central","IN",,"2019-02-18T08:00:00.000Z","Central Sales","Pitney Bowes Distribution Ctr 142","00E5w000004erLxEAI","2020_02","RVPCentral","00E5w000004erLvEAI","https://samennis-20200526-demo--c.documentforce.com/profilephoto/7295w000000W2ne/T","Chemicals","Corporate","rmontgom1590550477800@demo.user","Pitney Bowes Distribution Ctr","Robin Montgomery","CentralSales",,7,6858000,61166,7
"0015w00002DFOBwAAP","00E5w000004erLzEAI/00E5w000004erM0EAI/00E5w000004erLvEAI","0065w000022R2rxAAC","Yunker Industries","https://samennis-20200526-demo--c.documentforce.com/profilephoto/7295w000000W2nA/F","Kristen Miller",,"2020-05-27T03:56:17.000Z","Andrew Martin","0055w00000D4KBqAAN","Kristen Miller","Kristen Miller","Kristen Miller/Andrew Martin/Elliot Executive/Sam Ennis","Andrew Martin","Andrew Martin","Marketing Event","00E5w000004erLyEAI","Yunker Industries","true","Low","true","RVP West","UT",,"2019-01-25T08:00:00.000Z","West Sales","Yunker Industries 188","00E5w000004erLzEAI","2020_02","RVPWest","00E5w000004erLvEAI","https://samennis-20200526-demo--c.documentforce.com/profilephoto/7295w000000W2nA/T","Hospitality","T100","kmiller1590550477818@demo.user","Yunker Industries","Kristen Miller","WestSales",,0,4930081000,1258,0
"0015w00002DFNY1AAP","00E5w000004erLzEAI/00E5w000004erM0EAI/00E5w000004erLvEAI","0065w000022R22ZAAS","BlackBoard Connect","https://samennis-20200526-demo--c.documentforce.com/profilephoto/7295w000000W2nA/F","Kristen Miller",,"2020-05-27T03:51:40.000Z","Andrew Martin","0055w00000D4KBqAAN","Kristen Miller","Kristen Miller","Kristen Miller/Andrew Martin/Elliot Executive/Sam Ennis","Andrew Martin","Andrew Martin","Cold Call","00E5w000004erLyEAI","BlackBoard Connect","true","Low","true","RVP West","NV",,"2019-04-28T07:00:00.000Z","West Sales","BlackBoard Connect 39","00E5w000004erLzEAI","2020_02","RVPWest","00E5w000004erLvEAI","https://samennis-20200526-demo--c.documentforce.com/profilephoto/7295w000000W2nA/T","Manufacturing","Corporate","kmiller1590550477818@demo.user","BlackBoard Connect","Kristen Miller","WestSales",,0,4200000,75,0
"0015w00002DFOD8AAP","00E5w000004erLxEAI/00E5w000004erM0EAI/00E5w000004erLvEAI","0065w000022R2tWAAS","Navagate","https://samennis-20200526-demo--c.documentforce.com/profilephoto/7295w000000W2nZ/F","Michelle Stanley",,"2020-05-27T03:56:17.000Z","Elliot Executive","0055w00000D4KBrAAN","Michelle Stanley","Michelle Stanley","Michelle Stanley/John Chen/Elliot Executive/Sam Ennis","Elliot Executive","John Chen","Cold Call","00E5w000004erLwEAI","Navagate","true","Medium","true","RVP Central","NE",,"2019-12-29T08:00:00.000Z","Central Sales","Navagate 245","00E5w000004erLxEAI","2020_02","RVPCentral","00E5w000004erLvEAI","https://samennis-20200526-demo--c.documentforce.com/profilephoto/7295w000000W2nZ/T","Education","T100","mstanley1590550477825@demo.user","Navagate","Michelle Stanley","CentralSales",,84,4569487000,104162,84
"0015w00002DFO5FAAX","00E5w000004erLxEAI/00E5w000004erM0EAI/00E5w000004erLvEAI","0065w000022R2jNAAS","SendOrder.com","https://samennis-20200526-demo--c.documentforce.com/profilephoto/7295w000000W2nZ/F","Michelle Stanley",,"2020-05-27T03:54:48.000Z","Elliot Executive","0055w00000D4KBrAAN","Michelle Stanley","Michelle Stanley","Michelle Stanley/John Chen/Elliot Executive/Sam Ennis","Elliot Executive","John Chen","Marketing Event","00E5w000004erLwEAI","SendOrder.com","true","Low","true","RVP Central","LA",,"2019-09-25T07:00:00.000Z","Central Sales","SendOrder.com 251","00E5w000004erLxEAI","2020_02","RVPCentral","00E5w000004erLvEAI","https://samennis-20200526-demo--c.documentforce.com/profilephoto/7295w000000W2nZ/T","Retail","Mid-Market","mstanley1590550477825@demo.user","SendOrder.com","Michelle Stanley","CentralSales",,0,417182000,3118,0
"0015w00002DFNnNAAX","00E5w000004erM7EAI/00E5w000004erM0EAI/00E5w000004erLvEAI","0065w000022R2LwAAK","Xerox Corporation - Houston","https://samennis-20200526-demo--c.documentforce.com/profilephoto/7295w000000W2ml/F","Craig Arnold",,"2020-05-27T03:53:44.000Z","Craig Arnold","0055w00000D4KBjAAN","Craig Arnold","Craig Arnold","Craig Arnold/Edwin Tucker/Elliot Executive/Sam Ennis","Craig Arnold","Edwin Tucker","Inbound Call","00E5w000004erM5EAI","Xerox Corporation - Houston","true","Medium","true","RVP East","CT",,"2018-10-13T07:00:00.000Z","East Sales","Xerox Corporation - Houston 99","00E5w000004erM7EAI","2020_02","RVPEast","00E5w000004erLvEAI","https://samennis-20200526-demo--c.documentforce.com/profilephoto/7295w000000W2ml/T","Entertainment","Corporate","carnold1590550477775@demo.user","Xerox Corporation - Houston","Craig Arnold","EastSales",,64.4,2549000,204,64
"0015w00002DFNYRAA5","00E5w000004erLzEAI/00E5w000004erM0EAI/00E5w000004erLvEAI","0065w000022R237AAC","lionheart medical","https://samennis-20200526-demo--c.documentforce.com/profilephoto/7295w000000W2mR/F","Brandy Mullins",,"2020-05-27T03:51:40.000Z","Andrew Martin","0055w00000D4KBgAAN","Brandy Mullins","Brandy Mullins","Brandy Mullins/Andrew Martin/Elliot Executive/Sam Ennis","Andrew Martin","Andrew Martin","Data.com","00E5w000004erLyEAI","lionheart medical","true","High","true","RVP West","OR",,"2019-10-08T07:00:00.000Z","West Sales","lionheart medical 107","00E5w000004erLzEAI","2020_03","RVPWest","00E5w000004erLvEAI","https://samennis-20200526-demo--c.documentforce.com/profilephoto/7295w000000W2mR/T","Utilities","Corporate","bmullins1590550477755@demo.user","lionheart medical","Brandy Mullins","WestSales",,168.406,5845000,15,168
"0015w00002DFNpUAAX","00E5w000004erLxEAI/00E5w000004erM0EAI/00E5w000004erLvEAI","0065w000022R2OmAAK","Baron Group Inc","https://samennis-20200526-demo--c.documentforce.com/profilephoto/7295w000000W2ne/F","Robin Montgomery",,"2020-05-27T03:53:44.000Z","Elliot Executive","0055w00000D4KBnAAN","Robin Montgomery","Robin Montgomery","Robin Montgomery/John Chen/Elliot Executive/Sam Ennis","Elliot Executive","John Chen","Inbound Call","00E5w000004erLwEAI","Baron Group Inc","true","Low","true","RVP Central","NJ",,"2020-02-19T08:00:00.000Z","Central Sales","Baron Group Inc 118","00E5w000004erLxEAI","2020_03","RVPCentral","00E5w000004erLvEAI","https://samennis-20200526-demo--c.documentforce.com/profilephoto/7295w000000W2ne/T","Manufacturing","Corporate","rmontgom1590550477800@demo.user","Baron Group Inc","Robin Montgomery","CentralSales",,4.2297,5782000,153,4
"0015w00002DFNTpAAP","00E5w000004erLxEAI/00E5w000004erM0EAI/00E5w000004erLvEAI","0065w000022R1wwAAC","Pimo.net","https://samennis-20200526-demo--c.documentforce.com/profilephoto/7295w000000W2mW/F","Crystal Stevens",,"2020-05-27T03:50:14.000Z","Crystal Stevens","0055w00000D4KBsAAN","Crystal Stevens","Crystal Stevens","Crystal Stevens/John Chen/Elliot Executive/Sam Ennis","Crystal Stevens","John Chen","Inbound Call","00E5w000004erLwEAI","Pimo.net","true","Low","true","RVP Central","WI",,"2018-06-17T07:00:00.000Z","Central Sales","Pimo.net 156","00E5w000004erLxEAI","2020_03","RVPCentral","00E5w000004erLvEAI","https://samennis-20200526-demo--c.documentforce.com/profilephoto/7295w000000W2mW/T","Entertainment","Corporate","cstevens1590550477831@demo.user","Pimo.net","Crystal Stevens","CentralSales",,9.9563,4196000,210,10
"0015w00002DFNjeAAH","00E5w000004erLxEAI/00E5w000004erM0EAI/00E5w000004erLvEAI","0065w000022R2H9AAK","Intelsat Corporation","https://samennis-20200526-demo--c.documentforce.com/profilephoto/7295w000000W2nZ/F","Michelle Stanley",,"2020-05-27T03:52:30.000Z","Elliot Executive","0055w00000D4KBrAAN","Michelle Stanley","Michelle Stanley","Michelle Stanley/John Chen/Elliot Executive/Sam Ennis","Elliot Executive","John Chen","Marketing Event","00E5w000004erLwEAI","Intelsat Corporation","true","High","true","RVP Central","LA",,"2019-05-26T07:00:00.000Z","Central Sales","Intelsat Corporation 11","00E5w000004erLxEAI","2020_03","RVPCentral","00E5w000004erLvEAI","https://samennis-20200526-demo--c.documentforce.com/profilephoto/7295w000000W2nZ/T","Education","Corporate","mstanley1590550477825@demo.user","Intelsat Corporation","Michelle Stanley","CentralSales",,204.9328,8056000,178,205
"0015w00002DFNQpAAP","00E5w000004erLxEAI/00E5w000004erM0EAI/00E5w000004erLvEAI","0065w000022R1t1AAC","Tech Talent","https://samennis-20200526-demo--c.documentforce.com/profilephoto/7295w000000W2nZ/F","Michelle Stanley",,"2020-05-27T03:50:08.000Z","Elliot Executive","0055w00000D4KBrAAN","Michelle Stanley","Michelle Stanley","Michelle Stanley/John Chen/Elliot Executive/Sam Ennis","Elliot Executive","John Chen","Marketing Event","00E5w000004erLwEAI","Tech Talent","true","Low","true","RVP Central","MO",,"2019-03-18T07:00:00.000Z","Central Sales","Tech Talent 195","00E5w000004erLxEAI","2020_03","RVPCentral","00E5w000004erLvEAI","https://samennis-20200526-demo--c.documentforce.com/profilephoto/7295w000000W2nZ/T","Financial Services","Corporate","mstanley1590550477825@demo.user","Tech Talent","Michelle Stanley","CentralSales",,35,2587000,23,35
"0015w00002DFNLUAA5","00E5w000004erLxEAI/00E5w000004erM0EAI/00E5w000004erLvEAI","0065w000022R1lOAAS","Arbitration Solutions","https://samennis-20200526-demo--c.documentforce.com/profilephoto/7295w000000W2nU/F","Rebecca Gonzalez",,"2020-05-27T03:49:40.000Z","Elliot Executive","0055w00000D4KBtAAN","Rebecca Gonzalez","Rebecca Gonzalez","Rebecca Gonzalez/John Chen/Elliot Executive/Sam Ennis","Elliot Executive","John Chen","Data.com","00E5w000004erLwEAI","Arbitration Solutions","true","High","true","RVP Central","MO",,"2019-08-20T07:00:00.000Z","Central Sales","Arbitration Solutions 38","00E5w000004erLxEAI","2020_03","RVPCentral","00E5w000004erLvEAI","https://samennis-20200526-demo--c.documentforce.com/profilephoto/7295w000000W2nU/T","Retail","Corporate","rgonzale1590550477838@demo.user","Arbitration Solutions","Rebecca Gonzalez","CentralSales",,101.2163,3532000,112,101
"0015w00002DFNxvAAH","00E5w000004erLxEAI/00E5w000004erM0EAI/00E5w000004erLvEAI","0065w000022R2aUAAS","Pitney Bowes Distribution Ctr","https://samennis-20200526-demo--c.documentforce.com/profilephoto/7295w000000W2ne/F","Robin Montgomery",,"2020-05-27T03:54:24.000Z","Elliot Executive","0055w00000D4KBnAAN","Robin Montgomery","Robin Montgomery","Robin Montgomery/John Chen/Elliot Executive/Sam Ennis","Elliot Executive","John Chen","Marketing Event","00E5w000004erLwEAI","Pitney Bowes Distribution Ctr","true","Low","true","RVP Central","IN",,"2019-02-18T08:00:00.000Z","Central Sales","Pitney Bowes Distribution Ctr 142","00E5w000004erLxEAI","2019_04","RVPCentral","00E5w000004erLvEAI","https://samennis-20200526-demo--c.documentforce.com/profilephoto/7295w000000W2ne/T","Chemicals","Corporate","rmontgom1590550477800@demo.user","Pitney Bowes Distribution Ctr","Robin Montgomery","CentralSales",,14,6858000,61166,14
"0015w00002DFNxFAAX","00E5w000004erLzEAI/00E5w000004erM0EAI/00E5w000004erLvEAI","0065w000022R2ZYAA0","Palaver Communications","https://samennis-20200526-demo--c.documentforce.com/profilephoto/7295w000000W2nF/F","Mary Powers",,"2020-05-27T03:54:24.000Z","Andrew Martin","0055w00000D4KBeAAN","Mary Powers","Mary Powers","Mary Powers/Andrew Martin/Elliot Executive/Sam Ennis","Andrew Martin","Andrew Martin","Marketing Event","00E5w000004erLyEAI","Palaver Communications","true","Low","true","RVP West","UT",,"2018-10-29T07:00:00.000Z","West Sales","Palaver Communications 56","00E5w000004erLzEAI","2019_04","RVPWest","00E5w000004erLvEAI","https://samennis-20200526-demo--c.documentforce.com/profilephoto/7295w000000W2nF/T","Manufacturing","Corporate","mpowers1590550477739@demo.user","Palaver Communications","Mary Powers","WestSales",,0.8829,7054000,22491,1
"0015w00002DFO9BAAX","00E5w000004erLzEAI/00E5w000004erM0EAI/00E5w000004erLvEAI","0065w000022R2oUAAS","Yuba Heat Transfer Division","https://samennis-20200526-demo--c.documentforce.com/profilephoto/7295w000000W2nK/F","Amanda Hernandez",,"2020-05-27T03:56:04.000Z","Amanda Hernandez","0055w00000D4KBfAAN","Amanda Hernandez","Amanda Hernandez","Amanda Hernandez/Andrew Martin/Elliot Executive/Sam Ennis","Amanda Hernandez","Andrew Martin","Community","00E5w000004erLyEAI","Yuba Heat Transfer Division","true","Low","true","RVP West","AK",,"2018-06-25T07:00:00.000Z","West Sales","Yuba Heat Transfer Division 171","00E5w000004erLzEAI","2019_04","RVPWest","00E5w000004erLvEAI","https://samennis-20200526-demo--c.documentforce.com/profilephoto/7295w000000W2nK/T","Recreation","Enterprise","ahernand1590550477747@demo.user","Yuba Heat Transfer Division","Amanda Hernandez","WestSales",,0.5185,1455771000,122400,1
"0015w00002DFNZQAA5","00E5w000004erM7EAI/00E5w000004erM0EAI/00E5w000004erLvEAI","0065w000022R24MAAS","InterAmerica Technologies","https://samennis-20200526-demo--c.documentforce.com/profilephoto/7295w000000W2mq/F","Alexander Cruz",,"2020-05-27T03:51:50.000Z","Alexander Cruz","0055w00000D4KBdAAN","Alexander Cruz","Alexander Cruz","Alexander Cruz/Edwin Tucker/Elliot Executive/Sam Ennis","Alexander Cruz","Edwin Tucker","Website","00E5w000004erM5EAI","InterAmerica Technologies","true","Low","true","RVP East","MA",,"2020-05-11T07:00:00.000Z","East Sales","InterAmerica Technologies 111","00E5w000004erM7EAI","2019_04","RVPEast","00E5w000004erLvEAI","https://samennis-20200526-demo--c.documentforce.com/profilephoto/7295w000000W2mq/T","Engineering","Corporate","acruz1590550477724@demo.user","InterAmerica Technologies","Alexander Cruz","EastSales",,36.3622,4035000,86,36
"0015w00002DFNJBAA5","00E5w000004erLzEAI/00E5w000004erM0EAI/00E5w000004erLvEAI","0065w000022R1i9AAC","CyberTrader","https://samennis-20200526-demo--c.documentforce.com/profilephoto/7295w000000W2nP/F","Heather Greer",,"2020-05-27T03:49:30.000Z","Andrew Martin","0055w00000D4KBpAAN","Heather Greer","Heather Greer","Heather Greer/Andrew Martin/Elliot Executive/Sam Ennis","Andrew Martin","Andrew Martin","Data.com","00E5w000004erLyEAI","CyberTrader","true","Low","true","RVP West","UT",,"2019-03-03T08:00:00.000Z","West Sales","CyberTrader 38","00E5w000004erLzEAI","2019_04","RVPWest","00E5w000004erLvEAI","https://samennis-20200526-demo--c.documentforce.com/profilephoto/7295w000000W2nP/T","Recreation","Corporate","hgreer1590550477812@demo.user","CyberTrader","Heather Greer","WestSales",,15.037,9551000,115,15
"0015w00002DFNY1AAP","00E5w000004erLzEAI/00E5w000004erM0EAI/00E5w000004erLvEAI","0065w000022R22ZAAS","BlackBoard Connect","https://samennis-20200526-demo--c.documentforce.com/profilephoto/7295w000000W2nA/F","Kristen Miller",,"2020-05-27T03:51:40.000Z","Andrew Martin","0055w00000D4KBqAAN","Kristen Miller","Kristen Miller","Kristen Miller/Andrew Martin/Elliot Executive/Sam Ennis","Andrew Martin","Andrew Martin","Cold Call","00E5w000004erLyEAI","BlackBoard Connect","true","Low","true","RVP West","NV",,"2019-04-28T07:00:00.000Z","West Sales","BlackBoard Connect 39","00E5w000004erLzEAI","2019_04","RVPWest","00E5w000004erLvEAI","https://samennis-20200526-demo--c.documentforce.com/profilephoto/7295w000000W2nA/T","Manufacturing","Corporate","kmiller1590550477818@demo.user","BlackBoard Connect","Kristen Miller","WestSales",,0,4200000,75,0
"0015w00002DFNsbAAH","00E5w000004erLzEAI/00E5w000004erM0EAI/00E5w000004erLvEAI","0065w000022R2T5AAK","GENCO Distribution System","https://samennis-20200526-demo--c.documentforce.com/profilephoto/7295w000000W2nF/F","Mary Powers",,"2020-05-27T03:54:04.000Z","Andrew Martin","0055w00000D4KBeAAN","Mary Powers","Mary Powers","Mary Powers/Andrew Martin/Elliot Executive/Sam Ennis","Andrew Martin","Andrew Martin","Social Media","00E5w000004erLyEAI","GENCO Distribution System","true","Low","true","RVP West","AZ",,"2019-11-08T08:00:00.000Z","West Sales","GENCO Distribution System 1","00E5w000004erLzEAI","2019_04","RVPWest","00E5w000004erLvEAI","https://samennis-20200526-demo--c.documentforce.com/profilephoto/7295w000000W2nF/T","Energy","Corporate","mpowers1590550477739@demo.user","GENCO Distribution System","Mary Powers","WestSales",,0,8919000,164,0
"0015w00002DFO1RAAX","00E5w000004erM7EAI/00E5w000004erM0EAI/00E5w000004erLvEAI","0065w000022R2eNAAS","General Casualty Co","https://samennis-20200526-demo--c.documentforce.com/profilephoto/7295w000000W2mg/F","Kaitlyn Guerrero",,"2020-05-27T03:54:34.000Z","Edwin Tucker","0055w00000D4KBkAAN","Kaitlyn Guerrero","Kaitlyn Guerrero","Kaitlyn Guerrero/Edwin Tucker/Elliot Executive/Sam Ennis","Edwin Tucker","Edwin Tucker","Marketing Event","00E5w000004erM5EAI","General Casualty Co","true","Low","true","RVP East","NC",,"2020-04-30T07:00:00.000Z","East Sales","General Casualty Co 193","00E5w000004erM7EAI","2019_04","RVPEast","00E5w000004erLvEAI","https://samennis-20200526-demo--c.documentforce.com/profilephoto/7295w000000W2mg/T","Manufacturing","SMB","kguerrer1590550477782@demo.user","General Casualty Co","Kaitlyn Guerrero","EastSales",,0,29123000,572,0
"0015w00002DFNL0AAP","00E5w000004erLxEAI/00E5w000004erM0EAI/00E5w000004erLvEAI","0065w000022R1kiAAC","ARI Network Services","https://samennis-20200526-demo--c.documentforce.com/profilephoto/7295w000000W2mW/F","Crystal Stevens",,"2020-05-27T03:49:40.000Z","Crystal Stevens","0055w00000D4KBsAAN","Crystal Stevens","Crystal Stevens","Crystal Stevens/John Chen/Elliot Executive/Sam Ennis","Crystal Stevens","John Chen","Social Media","00E5w000004erLwEAI","ARI Network Services","true","Medium","true","RVP Central","KS",,"2018-08-04T07:00:00.000Z","Central Sales","ARI Network Services 243","00E5w000004erLxEAI","2019_04","RVPCentral","00E5w000004erLvEAI","https://samennis-20200526-demo--c.documentforce.com/profilephoto/7295w000000W2mW/T","Retail","Corporate","cstevens1590550477831@demo.user","ARI Network Services","Crystal Stevens","CentralSales",,70,8851000,43,70
"0015w00002DFNYRAA5","00E5w000004erLzEAI/00E5w000004erM0EAI/00E5w000004erLvEAI","0065w000022R237AAC","lionheart medical","https://samennis-20200526-demo--c.documentforce.com/profilephoto/7295w000000W2mR/F","Brandy Mullins",,"2020-05-27T03:51:40.000Z","Andrew Martin","0055w00000D4KBgAAN","Brandy Mullins","Brandy Mullins","Brandy Mullins/Andrew Martin/Elliot Executive/Sam Ennis","Andrew Martin","Andrew Martin","Data.com","00E5w000004erLyEAI","lionheart medical","true","High","true","RVP West","OR",,"2019-10-08T07:00:00.000Z","West Sales","lionheart medical 107","00E5w000004erLzEAI","2019_05","RVPWest","00E5w000004erLvEAI","https://samennis-20200526-demo--c.documentforce.com/profilephoto/7295w000000W2mR/T","Utilities","Corporate","bmullins1590550477755@demo.user","lionheart medical","Brandy Mullins","WestSales",,117.2322,5845000,15,117
"0015w00002DFNVoAAP","00E5w000004erLzEAI/00E5w000004erM0EAI/00E5w000004erLvEAI","0065w000022R1zaAAC","Torto Wheaton Research","https://samennis-20200526-demo--c.documentforce.com/profilephoto/7295w000000W2nK/F","Amanda Hernandez",,"2020-05-27T03:51:31.000Z","Amanda Hernandez","0055w00000D4KBfAAN","Amanda Hernandez","Amanda Hernandez","Amanda Hernandez/Andrew Martin/Elliot Executive/Sam Ennis","Amanda Hernandez","Andrew Martin","Community","00E5w000004erLyEAI","Torto Wheaton Research","true","Low","true","RVP West","UT",,"2019-05-29T07:00:00.000Z","West Sales","Torto Wheaton Research 34","00E5w000004erLzEAI","2019_05","RVPWest","00E5w000004erLvEAI","https://samennis-20200526-demo--c.documentforce.com/profilephoto/7295w000000W2nK/T","Telecommunications","Corporate","ahernand1590550477747@demo.user","Torto Wheaton Research","Amanda Hernandez","WestSales",,33.4833,7306000,75,33
"0015w00002DFOBwAAP","00E5w000004erLzEAI/00E5w000004erM0EAI/00E5w000004erLvEAI","0065w000022R2rxAAC","Yunker Industries","https://samennis-20200526-demo--c.documentforce.com/profilephoto/7295w000000W2nA/F","Kristen Miller",,"2020-05-27T03:56:17.000Z","Andrew Martin","0055w00000D4KBqAAN","Kristen Miller","Kristen Miller","Kristen Miller/Andrew Martin/Elliot Executive/Sam Ennis","Andrew Martin","Andrew Martin","Marketing Event","00E5w000004erLyEAI","Yunker Industries","true","Low","true","RVP West","UT",,"2019-01-25T08:00:00.000Z","West Sales","Yunker Industries 188","00E5w000004erLzEAI","2019_05","RVPWest","00E5w000004erLvEAI","https://samennis-20200526-demo--c.documentforce.com/profilephoto/7295w000000W2nA/T","Hospitality","T100","kmiller1590550477818@demo.user","Yunker Industries","Kristen Miller","WestSales",,12.25,4930081000,1258,12
"0015w00002DFNOsAAP","00E5w000004erLzEAI/00E5w000004erM0EAI/00E5w000004erLvEAI","0065w000022R1qGAAS","MK Incorporated","https://samennis-20200526-demo--c.documentforce.com/profilephoto/7295w000000W2nF/F","Mary Powers",,"2020-05-27T03:49:58.000Z","Andrew Martin","0055w00000D4KBeAAN","Mary Powers","Mary Powers","Mary Powers/Andrew Martin/Elliot Executive/Sam Ennis","Andrew Martin","Andrew Martin","Inbound Call","00E5w000004erLyEAI","MK Incorporated","true","Medium","true","RVP West","WY",,"2018-08-02T07:00:00.000Z","West Sales","MK Incorporated 248","00E5w000004erLzEAI","2019_05","RVPWest","00E5w000004erLvEAI","https://samennis-20200526-demo--c.documentforce.com/profilephoto/7295w000000W2nF/T","Electronics","Corporate","mpowers1590550477739@demo.user","MK Incorporated","Mary Powers","WestSales",,71.75,9588000,209,72
"0015w00002DFO9BAAX","00E5w000004erLzEAI/00E5w000004erM0EAI/00E5w000004erLvEAI","0065w000022R2oUAAS","Yuba Heat Transfer Division","https://samennis-20200526-demo--c.documentforce.com/profilephoto/7295w000000W2nK/F","Amanda Hernandez",,"2020-05-27T03:56:04.000Z","Amanda Hernandez","0055w00000D4KBfAAN","Amanda Hernandez","Amanda Hernandez","Amanda Hernandez/Andrew Martin/Elliot Executive/Sam Ennis","Amanda Hernandez","Andrew Martin","Community","00E5w000004erLyEAI","Yuba Heat Transfer Division","true","Low","true","RVP West","AK",,"2018-06-25T07:00:00.000Z","West Sales","Yuba Heat Transfer Division 171","00E5w000004erLzEAI","2019_05","RVPWest","00E5w000004erLvEAI","https://samennis-20200526-demo--c.documentforce.com/profilephoto/7295w000000W2nK/T","Recreation","Enterprise","ahernand1590550477747@demo.user","Yuba Heat Transfer Division","Amanda Hernandez","WestSales",,0.2917,1455771000,122400,0
"0015w00002DFNTWAA5","00E5w000004erLxEAI/00E5w000004erM0EAI/00E5w000004erLvEAI","0065w000022R1waAAC","Group Health Cooperative","https://samennis-20200526-demo--c.documentforce.com/profilephoto/7295w000000W2nZ/F","Michelle Stanley",,"2020-05-27T03:50:14.000Z","Elliot Executive","0055w00000D4KBrAAN","Michelle Stanley","Michelle Stanley","Michelle Stanley/John Chen/Elliot Executive/Sam Ennis","Elliot Executive","John Chen","Inbound Call","00E5w000004erLwEAI","Group Health Cooperative","true","Low","true","RVP Central","MO",,"2019-04-28T07:00:00.000Z","Central Sales","Group Health Cooperative 131","00E5w000004erLxEAI","2019_05","RVPCentral","00E5w000004erLvEAI","https://samennis-20200526-demo--c.documentforce.com/profilephoto/7295w000000W2nZ/T","Energy","Corporate","mstanley1590550477825@demo.user","Group Health Cooperative","Michelle Stanley","CentralSales",,30.625,2351000,120,31
"0015w00002DFNTJAA5","00E5w000004erLxEAI/00E5w000004erM0EAI/00E5w000004erLvEAI","0065w000022R1wGAAS","MeadWestvaco","https://samennis-20200526-demo--c.documentforce.com/profilephoto/7295w000000W2ne/F","Robin Montgomery",,"2020-05-27T03:50:14.000Z","Elliot Executive","0055w00000D4KBnAAN","Robin Montgomery","Robin Montgomery","Robin Montgomery/John Chen/Elliot Executive/Sam Ennis","Elliot Executive","John Chen","Social Media","00E5w000004erLwEAI","MeadWestvaco","true","Low","true","RVP Central","MO",,"2020-03-02T08:00:00.000Z","Central Sales","MeadWestvaco 127","00E5w000004erLxEAI","2019_05","RVPCentral","00E5w000004erLvEAI","https://samennis-20200526-demo--c.documentforce.com/profilephoto/7295w000000W2ne/T","Other","Corporate","rmontgom1590550477800@demo.user","MeadWestvaco","Robin Montgomery","CentralSales",,0,2923000,174,0
"0015w00002DFNWxAAP","00E5w000004erLzEAI/00E5w000004erM0EAI/00E5w000004erLvEAI","0065w000022R219AAC","Westwave Communications","https://samennis-20200526-demo--c.documentforce.com/profilephoto/7295w000000W2nF/F","Mary Powers",,"2020-05-27T03:51:40.000Z","Andrew Martin","0055w00000D4KBeAAN","Mary Powers","Mary Powers","Mary Powers/Andrew Martin/Elliot Executive/Sam Ennis","Andrew Martin","Andrew Martin","Community","00E5w000004erLyEAI","Westwave Communications","true","Low","true","RVP West","CA",,"2019-03-14T07:00:00.000Z","West Sales","Westwave Communications 195","00E5w000004erLzEAI","2019_06","RVPWest","00E5w000004erLvEAI","https://samennis-20200526-demo--c.documentforce.com/profilephoto/7295w000000W2nF/T","Communications","Corporate","mpowers1590550477739@demo.user","Westwave Communications","Mary Powers","WestSales",,13.75,6326000,50,14
"0015w00002DFNOsAAP","00E5w000004erLzEAI/00E5w000004erM0EAI/00E5w000004erLvEAI","0065w000022R1qGAAS","MK Incorporated","https://samennis-20200526-demo--c.documentforce.com/profilephoto/7295w000000W2nF/F","Mary Powers",,"2020-05-27T03:49:58.000Z","Andrew Martin","0055w00000D4KBeAAN","Mary Powers","Mary Powers","Mary Powers/Andrew Martin/Elliot Executive/Sam Ennis","Andrew Martin","Andrew Martin","Inbound Call","00E5w000004erLyEAI","MK Incorporated","true","High","true","RVP West","WY",,"2018-08-02T07:00:00.000Z","West Sales","MK Incorporated 248","00E5w000004erLzEAI","2019_06","RVPWest","00E5w000004erLvEAI","https://samennis-20200526-demo--c.documentforce.com/profilephoto/7295w000000W2nF/T","Electronics","Corporate","mpowers1590550477739@demo.user","MK Incorporated","Mary Powers","WestSales",,125.5333,9588000,209,126
"0015w00002DFNY1AAP","00E5w000004erLzEAI/00E5w000004erM0EAI/00E5w000004erLvEAI","0065w000022R22ZAAS","BlackBoard Connect","https://samennis-20200526-demo--c.documentforce.com/profilephoto/7295w000000W2nA/F","Kristen Miller",,"2020-05-27T03:51:40.000Z","Andrew Martin","0055w00000D4KBqAAN","Kristen Miller","Kristen Miller","Kristen Miller/Andrew Martin/Elliot Executive/Sam Ennis","Andrew Martin","Andrew Martin","Cold Call","00E5w000004erLyEAI","BlackBoard Connect","true","Low","true","RVP West","NV",,"2019-04-28T07:00:00.000Z","West Sales","BlackBoard Connect 39","00E5w000004erLzEAI","2019_06","RVPWest","00E5w000004erLvEAI","https://samennis-20200526-demo--c.documentforce.com/profilephoto/7295w000000W2nA/T","Manufacturing","Corporate","kmiller1590550477818@demo.user","BlackBoard Connect","Kristen Miller","WestSales",,10.5,4200000,75,11
"0015w00002DFO9BAAX","00E5w000004erLzEAI/00E5w000004erM0EAI/00E5w000004erLvEAI","0065w000022R2oUAAS","Yuba Heat Transfer Division","https://samennis-20200526-demo--c.documentforce.com/profilephoto/7295w000000W2nK/F","Amanda Hernandez",,"2020-05-27T03:56:04.000Z","Amanda Hernandez","0055w00000D4KBfAAN","Amanda Hernandez","Amanda Hernandez","Amanda Hernandez/Andrew Martin/Elliot Executive/Sam Ennis","Amanda Hernandez","Andrew Martin","Community","00E5w000004erLyEAI","Yuba Heat Transfer Division","true","Low","true","RVP West","AK",,"2018-06-25T07:00:00.000Z","West Sales","Yuba Heat Transfer Division 171","00E5w000004erLzEAI","2019_06","RVPWest","00E5w000004erLvEAI","https://samennis-20200526-demo--c.documentforce.com/profilephoto/7295w000000W2nK/T","Recreation","Enterprise","ahernand1590550477747@demo.user","Yuba Heat Transfer Division","Amanda Hernandez","WestSales",,0.2121,1455771000,122400,0
"0015w00002DFNdvAAH","00E5w000004erLxEAI/00E5w000004erM0EAI/00E5w000004erLvEAI","0065w000022R29xAAC","eStudio","https://samennis-20200526-demo--c.documentforce.com/profilephoto/7295w000000W2nZ/F","Michelle Stanley",,"2020-05-27T03:52:01.000Z","Elliot Executive","0055w00000D4KBrAAN","Michelle Stanley","Michelle Stanley","Michelle Stanley/John Chen/Elliot Executive/Sam Ennis","Elliot Executive","John Chen","Cold Call","00E5w000004erLwEAI","eStudio","true","Low","true","RVP Central","PA",,"2019-12-29T08:00:00.000Z","Central Sales","eStudio 250","00E5w000004erLxEAI","2019_06","RVPCentral","00E5w000004erLvEAI","https://samennis-20200526-demo--c.documentforce.com/profilephoto/7295w000000W2nZ/T","Other","Corporate","mstanley1590550477825@demo.user","eStudio","Michelle Stanley","CentralSales",,14,5314000,75,14
"0015w00002DFNuLAAX","00E5w000004erLxEAI/00E5w000004erM0EAI/00E5w000004erLvEAI","0065w000022R2VTAA0","Georgeshao, Inc","https://samennis-20200526-demo--c.documentforce.com/profilephoto/7295w000000W2nZ/F","Michelle Stanley",,"2020-05-27T03:54:04.000Z","Elliot Executive","0055w00000D4KBrAAN","Michelle Stanley","Michelle Stanley","Michelle Stanley/John Chen/Elliot Executive/Sam Ennis","Elliot Executive","John Chen","Social Media","00E5w000004erLwEAI","Georgeshao, Inc","true","Low","true","RVP Central","NY",,"2019-06-20T07:00:00.000Z","Central Sales","Georgeshao, Inc 249","00E5w000004erLxEAI","2019_07","RVPCentral","00E5w000004erLvEAI","https://samennis-20200526-demo--c.documentforce.com/profilephoto/7295w000000W2nZ/T","Construction","Corporate","mstanley1590550477825@demo.user","Georgeshao, Inc","Michelle Stanley","CentralSales",,0,3709000,242,0
"0015w00002DFNGIAA5","00E5w000004erLzEAI/00E5w000004erM0EAI/00E5w000004erLvEAI","0065w000022R1eCAAS","Transoft Networks","https://samennis-20200526-demo--c.documentforce.com/profilephoto/7295w000000W2nP/F","Heather Greer",,"2020-05-27T03:49:21.000Z","Andrew Martin","0055w00000D4KBpAAN","Heather Greer","Heather Greer","Heather Greer/Andrew Martin/Elliot Executive/Sam Ennis","Andrew Martin","Andrew Martin","Data.com","00E5w000004erLyEAI","Transoft Networks","true","Low","true","RVP West","WA",,"2020-03-02T08:00:00.000Z","West Sales","Transoft Networks 24","00E5w000004erLzEAI","2019_07","RVPWest","00E5w000004erLvEAI","https://samennis-20200526-demo--c.documentforce.com/profilephoto/7295w000000W2nP/T","Banking","Corporate","hgreer1590550477812@demo.user","Transoft Networks","Heather Greer","WestSales",,0.6825,4868000,203,1
"0015w00002DFNsbAAH","00E5w000004erLzEAI/00E5w000004erM0EAI/00E5w000004erLvEAI","0065w000022R2T5AAK","GENCO Distribution System","https://samennis-20200526-demo--c.documentforce.com/profilephoto/7295w000000W2nF/F","Mary Powers",,"2020-05-27T03:54:04.000Z","Andrew Martin","0055w00000D4KBeAAN","Mary Powers","Mary Powers","Mary Powers/Andrew Martin/Elliot Executive/Sam Ennis","Andrew Martin","Andrew Martin","Social Media","00E5w000004erLyEAI","GENCO Distribution System","true","Low","true","RVP West","AZ",,"2019-11-08T08:00:00.000Z","West Sales","GENCO Distribution System 1","00E5w000004erLzEAI","2019_07","RVPWest","00E5w000004erLvEAI","https://samennis-20200526-demo--c.documentforce.com/profilephoto/7295w000000W2nF/T","Energy","Corporate","mpowers1590550477739@demo.user","GENCO Distribution System","Mary Powers","WestSales",,0,8919000,164,0
"0015w00002DFNTJAA5","00E5w000004erLxEAI/00E5w000004erM0EAI/00E5w000004erLvEAI","0065w000022R1wGAAS","MeadWestvaco","https://samennis-20200526-demo--c.documentforce.com/profilephoto/7295w000000W2ne/F","Robin Montgomery",,"2020-05-27T03:50:14.000Z","Elliot Executive","0055w00000D4KBnAAN","Robin Montgomery","Robin Montgomery","Robin Montgomery/John Chen/Elliot Executive/Sam Ennis","Elliot Executive","John Chen","Social Media","00E5w000004erLwEAI","MeadWestvaco","true","Low","true","RVP Central","MO",,"2020-03-02T08:00:00.000Z","Central Sales","MeadWestvaco 127","00E5w000004erLxEAI","2019_07","RVPCentral","00E5w000004erLvEAI","https://samennis-20200526-demo--c.documentforce.com/profilephoto/7295w000000W2ne/T","Other","Corporate","rmontgom1590550477800@demo.user","MeadWestvaco","Robin Montgomery","CentralSales",,0,2923000,174,0
"0015w00002DFNyEAAX","00E5w000004erLzEAI/00E5w000004erM0EAI/00E5w000004erLvEAI","0065w000022R2asAAC","Intersolutions Inc","https://samennis-20200526-demo--c.documentforce.com/profilephoto/7295w000000W2mR/F","Brandy Mullins",,"2020-05-27T03:54:24.000Z","Andrew Martin","0055w00000D4KBgAAN","Brandy Mullins","Brandy Mullins","Brandy Mullins/Andrew Martin/Elliot Executive/Sam Ennis","Andrew Martin","Andrew Martin","Data.com","00E5w000004erLyEAI","Intersolutions Inc","true","Low","true","RVP West","AK",,"2019-04-07T07:00:00.000Z","West Sales","Intersolutions Inc 40","00E5w000004erLzEAI","2019_10","RVPWest","00E5w000004erLvEAI","https://samennis-20200526-demo--c.documentforce.com/profilephoto/7295w000000W2mR/T","Government","Corporate","bmullins1590550477755@demo.user","Intersolutions Inc","Brandy Mullins","WestSales",,9.9167,9099000,41702,10
"0015w00002DFOCYAA5","00E5w000004erLzEAI/00E5w000004erM0EAI/00E5w000004erLvEAI","0065w000022R2slAAC","Paracelsus Healthcare","https://samennis-20200526-demo--c.documentforce.com/profilephoto/7295w000000W2nK/F","Amanda Hernandez",,"2020-05-27T03:56:17.000Z","Amanda Hernandez","0055w00000D4KBfAAN","Amanda Hernandez","Amanda Hernandez","Amanda Hernandez/Andrew Martin/Elliot Executive/Sam Ennis","Amanda Hernandez","Andrew Martin","Referral","00E5w000004erLyEAI","Paracelsus Healthcare","true","Low","true","RVP West","AK",,"2018-08-02T07:00:00.000Z","West Sales","Paracelsus Healthcare 125","00E5w000004erLzEAI","2019_10","RVPWest","00E5w000004erLvEAI","https://samennis-20200526-demo--c.documentforce.com/profilephoto/7295w000000W2nK/T","Energy","T100","ahernand1590550477747@demo.user","Paracelsus Healthcare","Amanda Hernandez","WestSales",,0,5193082000,9525,0
"0015w00002DFNOsAAP","00E5w000004erLzEAI/00E5w000004erM0EAI/00E5w000004erLvEAI","0065w000022R1qGAAS","MK Incorporated","https://samennis-20200526-demo--c.documentforce.com/profilephoto/7295w000000W2nF/F","Mary Powers",,"2020-05-27T03:49:58.000Z","Andrew Martin","0055w00000D4KBeAAN","Mary Powers","Mary Powers","Mary Powers/Andrew Martin/Elliot Executive/Sam Ennis","Andrew Martin","Andrew Martin","Inbound Call","00E5w000004erLyEAI","MK Incorporated","true","High","true","RVP West","WY",,"2018-08-02T07:00:00.000Z","West Sales","MK Incorporated 248","00E5w000004erLzEAI","2019_10","RVPWest","00E5w000004erLvEAI","https://samennis-20200526-demo--c.documentforce.com/profilephoto/7295w000000W2nF/T","Electronics","Corporate","mpowers1590550477739@demo.user","MK Incorporated","Mary Powers","WestSales",,125.5333,9588000,209,126
"0015w00002DFOD8AAP","00E5w000004erLxEAI/00E5w000004erM0EAI/00E5w000004erLvEAI","0065w000022R2tWAAS","Navagate","https://samennis-20200526-demo--c.documentforce.com/profilephoto/7295w000000W2nZ/F","Michelle Stanley",,"2020-05-27T03:56:17.000Z","Elliot Executive","0055w00000D4KBrAAN","Michelle Stanley","Michelle Stanley","Michelle Stanley/John Chen/Elliot Executive/Sam Ennis","Elliot Executive","John Chen","Cold Call","00E5w000004erLwEAI","Navagate","true","Medium","true","RVP Central","NE",,"2019-12-29T08:00:00.000Z","Central Sales","Navagate 245","00E5w000004erLxEAI","2019_10","RVPCentral","00E5w000004erLvEAI","https://samennis-20200526-demo--c.documentforce.com/profilephoto/7295w000000W2nZ/T","Education","T100","mstanley1590550477825@demo.user","Navagate","Michelle Stanley","CentralSales",,94.5,4569487000,104162,95
"0015w00002DFNnNAAX","00E5w000004erM7EAI/00E5w000004erM0EAI/00E5w000004erLvEAI","0065w000022R2LwAAK","Xerox Corporation - Houston","https://samennis-20200526-demo--c.documentforce.com/profilephoto/7295w000000W2ml/F","Craig Arnold",,"2020-05-27T03:53:44.000Z","Craig Arnold","0055w00000D4KBjAAN","Craig Arnold","Craig Arnold","Craig Arnold/Edwin Tucker/Elliot Executive/Sam Ennis","Craig Arnold","Edwin Tucker","Inbound Call","00E5w000004erM5EAI","Xerox Corporation - Houston","true","High","true","RVP East","CT",,"2018-10-13T07:00:00.000Z","East Sales","Xerox Corporation - Houston 99","00E5w000004erM7EAI","2019_10","RVPEast","00E5w000004erLvEAI","https://samennis-20200526-demo--c.documentforce.com/profilephoto/7295w000000W2ml/T","Entertainment","Corporate","carnold1590550477775@demo.user","Xerox Corporation - Houston","Craig Arnold","EastSales",,117.124,2549000,204,117
"0015w00002DFNlMAAX","00E5w000004erLxEAI/00E5w000004erM0EAI/00E5w000004erLvEAI","0065w000022R2JWAA0","NYSE Governance Services","https://samennis-20200526-demo--c.documentforce.com/profilephoto/7295w000000W2mb/F","Theresa Jones",,"2020-05-27T03:52:30.000Z","Elliot Executive","0055w00000D4KBoAAN","Theresa Jones","Theresa Jones","Theresa Jones/John Chen/Elliot Executive/Sam Ennis","Elliot Executive","John Chen","Website","00E5w000004erLwEAI","NYSE Governance Services","true","Medium","true","RVP Central","AR",,"2018-12-15T08:00:00.000Z","Central Sales","NYSE Governance Services 170","00E5w000004erLxEAI","2019_07","RVPCentral","00E5w000004erLvEAI","https://samennis-20200526-demo--c.documentforce.com/profilephoto/7295w000000W2mb/T","Insurance","Corporate","tjones1590550477806@demo.user","NYSE Governance Services","Theresa Jones","CentralSales",,98.6567,7299000,62,99
"0015w00002DFNVJAA5","00E5w000004erLxEAI/00E5w000004erM0EAI/00E5w000004erLvEAI","0065w000022R1ywAAC","Acutherm","https://samennis-20200526-demo--c.documentforce.com/profilephoto/7295w000000W2mW/F","Crystal Stevens",,"2020-05-27T03:51:31.000Z","Crystal Stevens","0055w00000D4KBsAAN","Crystal Stevens","Crystal Stevens","Crystal Stevens/John Chen/Elliot Executive/Sam Ennis","Crystal Stevens","John Chen","Referral","00E5w000004erLwEAI","Acutherm","true","High","true","RVP Central","IL",,"2019-11-17T08:00:00.000Z","Central Sales","Acutherm 197","00E5w000004erLxEAI","2019_07","RVPCentral","00E5w000004erLvEAI","https://samennis-20200526-demo--c.documentforce.com/profilephoto/7295w000000W2mW/T","Banking","Corporate","cstevens1590550477831@demo.user","Acutherm","Crystal Stevens","CentralSales",,110.1518,7625000,68,110
"0015w00002DFNM0AAP","00E5w000004erLzEAI/00E5w000004erM0EAI/00E5w000004erLvEAI","0065w000022R1m3AAC","adeptive.com","https://samennis-20200526-demo--c.documentforce.com/profilephoto/7295w000000W2nF/F","Mary Powers",,"2020-05-27T03:49:40.000Z","Andrew Martin","0055w00000D4KBeAAN","Mary Powers","Mary Powers","Mary Powers/Andrew Martin/Elliot Executive/Sam Ennis","Andrew Martin","Andrew Martin","Community","00E5w000004erLyEAI","adeptive.com","true","Low","true","RVP West","WA",,"2018-08-03T07:00:00.000Z","West Sales","adeptive.com 123","00E5w000004erLzEAI","2019_07","RVPWest","00E5w000004erLvEAI","https://samennis-20200526-demo--c.documentforce.com/profilephoto/7295w000000W2nF/T","Shipping","Corporate","mpowers1590550477739@demo.user","adeptive.com","Mary Powers","WestSales",,9.0417,9093000,176,9
"0015w00002DFNTpAAP","00E5w000004erLxEAI/00E5w000004erM0EAI/00E5w000004erLvEAI","0065w000022R1wwAAC","Pimo.net","https://samennis-20200526-demo--c.documentforce.com/profilephoto/7295w000000W2mW/F","Crystal Stevens",,"2020-05-27T03:50:14.000Z","Crystal Stevens","0055w00000D4KBsAAN","Crystal Stevens","Crystal Stevens","Crystal Stevens/John Chen/Elliot Executive/Sam Ennis","Crystal Stevens","John Chen","Inbound Call","00E5w000004erLwEAI","Pimo.net","true","Low","true","RVP Central","WI",,"2018-06-17T07:00:00.000Z","Central Sales","Pimo.net 156","00E5w000004erLxEAI","2019_07","RVPCentral","00E5w000004erLvEAI","https://samennis-20200526-demo--c.documentforce.com/profilephoto/7295w000000W2mW/T","Entertainment","Corporate","cstevens1590550477831@demo.user","Pimo.net","Crystal Stevens","CentralSales",,19.1821,4196000,210,19
"0015w00002DFNpUAAX","00E5w000004erLxEAI/00E5w000004erM0EAI/00E5w000004erLvEAI","0065w000022R2OmAAK","Baron Group Inc","https://samennis-20200526-demo--c.documentforce.com/profilephoto/7295w000000W2ne/F","Robin Montgomery",,"2020-05-27T03:53:44.000Z","Elliot Executive","0055w00000D4KBnAAN","Robin Montgomery","Robin Montgomery","Robin Montgomery/John Chen/Elliot Executive/Sam Ennis","Elliot Executive","John Chen","Inbound Call","00E5w000004erLwEAI","Baron Group Inc","true","Low","true","RVP Central","NJ",,"2020-02-19T08:00:00.000Z","Central Sales","Baron Group Inc 118","00E5w000004erLxEAI","2019_08","RVPCentral","00E5w000004erLvEAI","https://samennis-20200526-demo--c.documentforce.com/profilephoto/7295w000000W2ne/T","Manufacturing","Corporate","rmontgom1590550477800@demo.user","Baron Group Inc","Robin Montgomery","CentralSales",,2.0193,5782000,153,2
"0015w00002DFNYRAA5","00E5w000004erLzEAI/00E5w000004erM0EAI/00E5w000004erLvEAI","0065w000022R237AAC","lionheart medical","https://samennis-20200526-demo--c.documentforce.com/profilephoto/7295w000000W2mR/F","Brandy Mullins",,"2020-05-27T03:51:40.000Z","Andrew Martin","0055w00000D4KBgAAN","Brandy Mullins","Brandy Mullins","Brandy Mullins/Andrew Martin/Elliot Executive/Sam Ennis","Andrew Martin","Andrew Martin","Data.com","00E5w000004erLyEAI","lionheart medical","true","Medium","true","RVP West","OR",,"2019-10-08T07:00:00.000Z","West Sales","lionheart medical 107","00E5w000004erLzEAI","2019_08","RVPWest","00E5w000004erLvEAI","https://samennis-20200526-demo--c.documentforce.com/profilephoto/7295w000000W2mR/T","Utilities","Corporate","bmullins1590550477755@demo.user","lionheart medical","Brandy Mullins","WestSales",,87.1819,5845000,15,87
"0015w00002DFNlMAAX","00E5w000004erLxEAI/00E5w000004erM0EAI/00E5w000004erLvEAI","0065w000022R2JWAA0","NYSE Governance Services","https://samennis-20200526-demo--c.documentforce.com/profilephoto/7295w000000W2mb/F","Theresa Jones",,"2020-05-27T03:52:30.000Z","Elliot Executive","0055w00000D4KBoAAN","Theresa Jones","Theresa Jones","Theresa Jones/John Chen/Elliot Executive/Sam Ennis","Elliot Executive","John Chen","Website","00E5w000004erLwEAI","NYSE Governance Services","true","Medium","true","RVP Central","AR",,"2018-12-15T08:00:00.000Z","Central Sales","NYSE Governance Services 170","00E5w000004erLxEAI","2019_08","RVPCentral","00E5w000004erLvEAI","https://samennis-20200526-demo--c.documentforce.com/profilephoto/7295w000000W2mb/T","Insurance","Corporate","tjones1590550477806@demo.user","NYSE Governance Services","Theresa Jones","CentralSales",,98.6235,7299000,62,99
"0015w00002DFOD8AAP","00E5w000004erLxEAI/00E5w000004erM0EAI/00E5w000004erLvEAI","0065w000022R2tWAAS","Navagate","https://samennis-20200526-demo--c.documentforce.com/profilephoto/7295w000000W2nZ/F","Michelle Stanley",,"2020-05-27T03:56:17.000Z","Elliot Executive","0055w00000D4KBrAAN","Michelle Stanley","Michelle Stanley","Michelle Stanley/John Chen/Elliot Executive/Sam Ennis","Elliot Executive","John Chen","Cold Call","00E5w000004erLwEAI","Navagate","true","Medium","true","RVP Central","NE",,"2019-12-29T08:00:00.000Z","Central Sales","Navagate 245","00E5w000004erLxEAI","2019_08","RVPCentral","00E5w000004erLvEAI","https://samennis-20200526-demo--c.documentforce.com/profilephoto/7295w000000W2nZ/T","Education","T100","mstanley1590550477825@demo.user","Navagate","Michelle Stanley","CentralSales",,64.75,4569487000,104162,65
"0015w00002DFO7xAAH","00E5w000004erLxEAI/00E5w000004erM0EAI/00E5w000004erLvEAI","0065w000022R2mzAAC","John Q. Hammons Hotels","https://samennis-20200526-demo--c.documentforce.com/profilephoto/7295w000000W2mW/F","Crystal Stevens",,"2020-05-27T03:55:53.000Z","Crystal Stevens","0055w00000D4KBsAAN","Crystal Stevens","Crystal Stevens","Crystal Stevens/John Chen/Elliot Executive/Sam Ennis","Crystal Stevens","John Chen","Community","00E5w000004erLwEAI","John Q. Hammons Hotels","true","Low","true","RVP Central","NY",,"2020-02-19T08:00:00.000Z","Central Sales","John Q. Hammons Hotels 236","00E5w000004erLxEAI","2019_08","RVPCentral","00E5w000004erLvEAI","https://samennis-20200526-demo--c.documentforce.com/profilephoto/7295w000000W2mW/T","Machinery","Enterprise","cstevens1590550477831@demo.user","John Q. Hammons Hotels","Crystal Stevens","CentralSales",,1.4,1848259000,3821,1
"0015w00002DFNEmAAP","00E5w000004erLzEAI/00E5w000004erM0EAI/00E5w000004erLvEAI","0065w000022R1c5AAC","Micromenders","https://samennis-20200526-demo--c.documentforce.com/profilephoto/7295w000000W2mR/F","Brandy Mullins",,"2020-05-27T03:49:09.000Z","Andrew Martin","0055w00000D4KBgAAN","Brandy Mullins","Brandy Mullins","Brandy Mullins/Andrew Martin/Elliot Executive/Sam Ennis","Andrew Martin","Andrew Martin","Data.com","00E5w000004erLyEAI","Micromenders","true","Medium","true","RVP West","HI",,"2018-10-11T07:00:00.000Z","West Sales","Micromenders 246","00E5w000004erLzEAI","2019_08","RVPWest","00E5w000004erLvEAI","https://samennis-20200526-demo--c.documentforce.com/profilephoto/7295w000000W2mR/T","Consulting","Corporate","bmullins1590550477755@demo.user","Micromenders","Brandy Mullins","WestSales",,54.1639,9929000,52,54
"0015w00002DFNeZAAX","00E5w000004erLxEAI/00E5w000004erM0EAI/00E5w000004erLvEAI","0065w000022R2AmAAK","Telegroup","https://samennis-20200526-demo--c.documentforce.com/profilephoto/7295w000000W2nU/F","Rebecca Gonzalez",,"2020-05-27T03:52:11.000Z","Elliot Executive","0055w00000D4KBtAAN","Rebecca Gonzalez","Rebecca Gonzalez","Rebecca Gonzalez/John Chen/Elliot Executive/Sam Ennis","Elliot Executive","John Chen","Cold Call","00E5w000004erLwEAI","Telegroup","true","Low","true","RVP Central","LA",,"2019-08-25T07:00:00.000Z","Central Sales","Telegroup 152","00E5w000004erLxEAI","2019_08","RVPCentral","00E5w000004erLvEAI","https://samennis-20200526-demo--c.documentforce.com/profilephoto/7295w000000W2nU/T","Construction","Corporate","rgonzale1590550477838@demo.user","Telegroup","Rebecca Gonzalez","CentralSales",,14,5168000,18,14
"0015w00002DFOCUAA5","00E5w000004erLzEAI/00E5w000004erM0EAI/00E5w000004erLvEAI","0065w000022R2shAAC","eB2X","https://samennis-20200526-demo--c.documentforce.com/profilephoto/7295w000000W2nF/F","Mary Powers",,"2020-05-27T03:56:17.000Z","Andrew Martin","0055w00000D4KBeAAN","Mary Powers","Mary Powers","Mary Powers/Andrew Martin/Elliot Executive/Sam Ennis","Andrew Martin","Andrew Martin","Social Media","00E5w000004erLyEAI","eB2X","true","High","true","RVP West","NV",,"2020-02-16T08:00:00.000Z","West Sales","eB2X 74","00E5w000004erLzEAI","2019_08","RVPWest","00E5w000004erLvEAI","https://samennis-20200526-demo--c.documentforce.com/profilephoto/7295w000000W2nF/T","Shipping","T100","mpowers1590550477739@demo.user","eB2X","Mary Powers","WestSales",,1709.162,7487020000,19970,1709
"0015w00002DFNTaAAP","00E5w000004erLxEAI/00E5w000004erM0EAI/00E5w000004erLvEAI","0065w000022R1wfAAC","ICC Industries","https://samennis-20200526-demo--c.documentforce.com/profilephoto/7295w000000W2nU/F","Rebecca Gonzalez",,"2020-05-27T03:50:14.000Z","Elliot Executive","0055w00000D4KBtAAN","Rebecca Gonzalez","Rebecca Gonzalez","Rebecca Gonzalez/John Chen/Elliot Executive/Sam Ennis","Elliot Executive","John Chen","Inbound Call","00E5w000004erLwEAI","ICC Industries","true","Low","true","RVP Central","IL",,"2020-01-06T08:00:00.000Z","Central Sales","ICC Industries 171","00E5w000004erLxEAI","2019_08","RVPCentral","00E5w000004erLvEAI","https://samennis-20200526-demo--c.documentforce.com/profilephoto/7295w000000W2nU/T","Communications","Corporate","rgonzale1590550477838@demo.user","ICC Industries","Rebecca Gonzalez","CentralSales",,37.8,9486000,109,38
"0015w00002DFNzwAAH","00E5w000004erM7EAI/00E5w000004erM0EAI/00E5w000004erLvEAI","0065w000022R2d3AAC","advisor square","https://samennis-20200526-demo--c.documentforce.com/profilephoto/7295w000000W2mv/F","Brian Norris",,"2020-05-27T03:54:34.000Z","Brian Norris","0055w00000D4KBiAAN","Brian Norris","Brian Norris","Brian Norris/Edwin Tucker/Elliot Executive/Sam Ennis","Brian Norris","Edwin Tucker","Marketing Event","00E5w000004erM5EAI","advisor square","true","Low","true","RVP East","SC",,"2019-11-29T08:00:00.000Z","East Sales","advisor square 110","00E5w000004erM7EAI","2019_08","RVPEast","00E5w000004erLvEAI","https://samennis-20200526-demo--c.documentforce.com/profilephoto/7295w000000W2mv/T","Government","SMB","bnorris1590550477769@demo.user","advisor square","Brian Norris","EastSales",,0,39470000,148,0
"0015w00002DFNQ2AAP","00E5w000004erLzEAI/00E5w000004erM0EAI/00E5w000004erLvEAI","0065w000022R1s1AAC","SunTrust Banks","https://samennis-20200526-demo--c.documentforce.com/profilephoto/7295w000000W2nK/F","Amanda Hernandez",,"2020-05-27T03:49:58.000Z","Amanda Hernandez","0055w00000D4KBfAAN","Amanda Hernandez","Amanda Hernandez","Amanda Hernandez/Andrew Martin/Elliot Executive/Sam Ennis","Amanda Hernandez","Andrew Martin","Social Media","00E5w000004erLyEAI","SunTrust Banks","true","Low","true","RVP West","CO",,"2018-08-14T07:00:00.000Z","West Sales","SunTrust Banks 33","00E5w000004erLzEAI","2019_09","RVPWest","00E5w000004erLvEAI","https://samennis-20200526-demo--c.documentforce.com/profilephoto/7295w000000W2nK/T","Manufacturing","Corporate","ahernand1590550477747@demo.user","SunTrust Banks","Amanda Hernandez","WestSales",,2.3333,6586000,135,2
"0015w00002DFO9BAAX","00E5w000004erLzEAI/00E5w000004erM0EAI/00E5w000004erLvEAI","0065w000022R2oUAAS","Yuba Heat Transfer Division","https://samennis-20200526-demo--c.documentforce.com/profilephoto/7295w000000W2nK/F","Amanda Hernandez",,"2020-05-27T03:56:04.000Z","Amanda Hernandez","0055w00000D4KBfAAN","Amanda Hernandez","Amanda Hernandez","Amanda Hernandez/Andrew Martin/Elliot Executive/Sam Ennis","Amanda Hernandez","Andrew Martin","Community","00E5w000004erLyEAI","Yuba Heat Transfer Division","true","Low","true","RVP West","AK",,"2018-06-25T07:00:00.000Z","West Sales","Yuba Heat Transfer Division 171","00E5w000004erLzEAI","2019_09","RVPWest","00E5w000004erLvEAI","https://samennis-20200526-demo--c.documentforce.com/profilephoto/7295w000000W2nK/T","Recreation","Enterprise","ahernand1590550477747@demo.user","Yuba Heat Transfer Division","Amanda Hernandez","WestSales",,0.2121,1455771000,122400,0
"0015w00002DFNKRAA5","00E5w000004erLxEAI/00E5w000004erM0EAI/00E5w000004erLvEAI","0065w000022R1jvAAC","DCI HOLDINGS","https://samennis-20200526-demo--c.documentforce.com/profilephoto/7295w000000W2nZ/F","Michelle Stanley",,"2020-05-27T03:49:40.000Z","Elliot Executive","0055w00000D4KBrAAN","Michelle Stanley","Michelle Stanley","Michelle Stanley/John Chen/Elliot Executive/Sam Ennis","Elliot Executive","John Chen","Referral","00E5w000004erLwEAI","DCI HOLDINGS","true","Low","true","RVP Central","IL",,"2018-05-30T07:00:00.000Z","Central Sales","DCI HOLDINGS 182","00E5w000004erLxEAI","2019_09","RVPCentral","00E5w000004erLvEAI","https://samennis-20200526-demo--c.documentforce.com/profilephoto/7295w000000W2nZ/T","Shipping","Corporate","mstanley1590550477825@demo.user","DCI HOLDINGS","Michelle Stanley","CentralSales",,0,9883000,173,0
"0015w00002DFOD8AAP","00E5w000004erLxEAI/00E5w000004erM0EAI/00E5w000004erLvEAI","0065w000022R2tWAAS","Navagate","https://samennis-20200526-demo--c.documentforce.com/profilephoto/7295w000000W2nZ/F","Michelle Stanley",,"2020-05-27T03:56:17.000Z","Elliot Executive","0055w00000D4KBrAAN","Michelle Stanley","Michelle Stanley","Michelle Stanley/John Chen/Elliot Executive/Sam Ennis","Elliot Executive","John Chen","Cold Call","00E5w000004erLwEAI","Navagate","true","Medium","true","RVP Central","NE",,"2019-12-29T08:00:00.000Z","Central Sales","Navagate 245","00E5w000004erLxEAI","2019_09","RVPCentral","00E5w000004erLvEAI","https://samennis-20200526-demo--c.documentforce.com/profilephoto/7295w000000W2nZ/T","Education","T100","mstanley1590550477825@demo.user","Navagate","Michelle Stanley","CentralSales",,94.5,4569487000,104162,95
"0015w00002DFNdvAAH","00E5w000004erLxEAI/00E5w000004erM0EAI/00E5w000004erLvEAI","0065w000022R29xAAC","eStudio","https://samennis-20200526-demo--c.documentforce.com/profilephoto/7295w000000W2nZ/F","Michelle Stanley",,"2020-05-27T03:52:01.000Z","Elliot Executive","0055w00000D4KBrAAN","Michelle Stanley","Michelle Stanley","Michelle Stanley/John Chen/Elliot Executive/Sam Ennis","Elliot Executive","John Chen","Cold Call","00E5w000004erLwEAI","eStudio","true","Low","true","RVP Central","PA",,"2019-12-29T08:00:00.000Z","Central Sales","eStudio 250","00E5w000004erLxEAI","2019_09","RVPCentral","00E5w000004erLvEAI","https://samennis-20200526-demo--c.documentforce.com/profilephoto/7295w000000W2nZ/T","Other","Corporate","mstanley1590550477825@demo.user","eStudio","Michelle Stanley","CentralSales",,14,5314000,75,14
"0015w00002DFNnNAAX","00E5w000004erM7EAI/00E5w000004erM0EAI/00E5w000004erLvEAI","0065w000022R2LwAAK","Xerox Corporation - Houston","https://samennis-20200526-demo--c.documentforce.com/profilephoto/7295w000000W2ml/F","Craig Arnold",,"2020-05-27T03:53:44.000Z","Craig Arnold","0055w00000D4KBjAAN","Craig Arnold","Craig Arnold","Craig Arnold/Edwin Tucker/Elliot Executive/Sam Ennis","Craig Arnold","Edwin Tucker","Inbound Call","00E5w000004erM5EAI","Xerox Corporation - Houston","true","High","true","RVP East","CT",,"2018-10-13T07:00:00.000Z","East Sales","Xerox Corporation - Houston 99","00E5w000004erM7EAI","2019_09","RVPEast","00E5w000004erLvEAI","https://samennis-20200526-demo--c.documentforce.com/profilephoto/7295w000000W2ml/T","Entertainment","Corporate","carnold1590550477775@demo.user","Xerox Corporation - Houston","Craig Arnold","EastSales",,117.124,2549000,204,117
"0015w00002DFNfVAAX","00E5w000004erM7EAI/00E5w000004erM0EAI/00E5w000004erLvEAI","0065w000022R2BnAAK","IBM Software / Tivoli / Micromuse","https://samennis-20200526-demo--c.documentforce.com/profilephoto/7295w000000W2mg/F","Kaitlyn Guerrero",,"2020-05-27T03:52:11.000Z","Edwin Tucker","0055w00000D4KBkAAN","Kaitlyn Guerrero","Kaitlyn Guerrero","Kaitlyn Guerrero/Edwin Tucker/Elliot Executive/Sam Ennis","Edwin Tucker","Edwin Tucker","Partner","00E5w000004erM5EAI","IBM Software / Tivoli / Micromuse","true","High","true","RVP East","VA",,"2020-02-07T08:00:00.000Z","East Sales","IBM Software / Tivoli / Micromuse 22","00E5w000004erM7EAI","2019_09","RVPEast","00E5w000004erLvEAI","https://samennis-20200526-demo--c.documentforce.com/profilephoto/7295w000000W2mg/T","Hospitality","Corporate","kguerrer1590550477782@demo.user","IBM Software / Tivoli / Micromuse","Kaitlyn Guerrero","EastSales",,413,9650000,8,413
"0015w00002DFNQ2AAP","00E5w000004erLzEAI/00E5w000004erM0EAI/00E5w000004erLvEAI","0065w000022R1s1AAC","SunTrust Banks","https://samennis-20200526-demo--c.documentforce.com/profilephoto/7295w000000W2nK/F","Amanda Hernandez",,"2020-05-27T03:49:58.000Z","Amanda Hernandez","0055w00000D4KBfAAN","Amanda Hernandez","Amanda Hernandez","Amanda Hernandez/Andrew Martin/Elliot Executive/Sam Ennis","Amanda Hernandez","Andrew Martin","Social Media","00E5w000004erLyEAI","SunTrust Banks","true","Low","true","RVP West","CO",,"2018-08-14T07:00:00.000Z","West Sales","SunTrust Banks 33","00E5w000004erLzEAI","2019_11","RVPWest","00E5w000004erLvEAI","https://samennis-20200526-demo--c.documentforce.com/profilephoto/7295w000000W2nK/T","Manufacturing","Corporate","ahernand1590550477747@demo.user","SunTrust Banks","Amanda Hernandez","WestSales",,4.0526,6586000,135,4
"0015w00002DFOCYAA5","00E5w000004erLzEAI/00E5w000004erM0EAI/00E5w000004erLvEAI","0065w000022R2slAAC","Paracelsus Healthcare","https://samennis-20200526-demo--c.documentforce.com/profilephoto/7295w000000W2nK/F","Amanda Hernandez",,"2020-05-27T03:56:17.000Z","Amanda Hernandez","0055w00000D4KBfAAN","Amanda Hernandez","Amanda Hernandez","Amanda Hernandez/Andrew Martin/Elliot Executive/Sam Ennis","Amanda Hernandez","Andrew Martin","Referral","00E5w000004erLyEAI","Paracelsus Healthcare","true","Low","true","RVP West","AK",,"2018-08-02T07:00:00.000Z","West Sales","Paracelsus Healthcare 125","00E5w000004erLzEAI","2019_11","RVPWest","00E5w000004erLvEAI","https://samennis-20200526-demo--c.documentforce.com/profilephoto/7295w000000W2nK/T","Energy","T100","ahernand1590550477747@demo.user","Paracelsus Healthcare","Amanda Hernandez","WestSales",,0,5193082000,9525,0
"0015w00002DFNxFAAX","00E5w000004erLzEAI/00E5w000004erM0EAI/00E5w000004erLvEAI","0065w000022R2ZYAA0","Palaver Communications","https://samennis-20200526-demo--c.documentforce.com/profilephoto/7295w000000W2nF/F","Mary Powers",,"2020-05-27T03:54:24.000Z","Andrew Martin","0055w00000D4KBeAAN","Mary Powers","Mary Powers","Mary Powers/Andrew Martin/Elliot Executive/Sam Ennis","Andrew Martin","Andrew Martin","Marketing Event","00E5w000004erLyEAI","Palaver Communications","true","Low","true","RVP West","UT",,"2018-10-29T07:00:00.000Z","West Sales","Palaver Communications 56","00E5w000004erLzEAI","2019_11","RVPWest","00E5w000004erLvEAI","https://samennis-20200526-demo--c.documentforce.com/profilephoto/7295w000000W2nF/T","Manufacturing","Corporate","mpowers1590550477739@demo.user","Palaver Communications","Mary Powers","WestSales",,1.1222,7054000,22491,1
"0015w00002DFNI4AAP","00E5w000004erLzEAI/00E5w000004erM0EAI/00E5w000004erLvEAI","0065w000022R1gbAAC","Toledo Medical Imaging","https://samennis-20200526-demo--c.documentforce.com/profilephoto/7295w000000W2nF/F","Mary Powers",,"2020-05-27T03:49:30.000Z","Andrew Martin","0055w00000D4KBeAAN","Mary Powers","Mary Powers","Mary Powers/Andrew Martin/Elliot Executive/Sam Ennis","Andrew Martin","Andrew Martin","Referral","00E5w000004erLyEAI","Toledo Medical Imaging","true","Low","true","RVP West","AK",,"2019-05-11T07:00:00.000Z","West Sales","Toledo Medical Imaging 133","00E5w000004erLzEAI","2019_11","RVPWest","00E5w000004erLvEAI","https://samennis-20200526-demo--c.documentforce.com/profilephoto/7295w000000W2nF/T","Consulting","Corporate","mpowers1590550477739@demo.user","Toledo Medical Imaging","Mary Powers","WestSales",,36.7755,4289000,124,37
"0015w00002DFOCUAA5","00E5w000004erLzEAI/00E5w000004erM0EAI/00E5w000004erLvEAI","0065w000022R2shAAC","eB2X","https://samennis-20200526-demo--c.documentforce.com/profilephoto/7295w000000W2nF/F","Mary Powers",,"2020-05-27T03:56:17.000Z","Andrew Martin","0055w00000D4KBeAAN","Mary Powers","Mary Powers","Mary Powers/Andrew Martin/Elliot Executive/Sam Ennis","Andrew Martin","Andrew Martin","Social Media","00E5w000004erLyEAI","eB2X","true","High","true","RVP West","NV",,"2020-02-16T08:00:00.000Z","West Sales","eB2X 74","00E5w000004erLzEAI","2019_11","RVPWest","00E5w000004erLvEAI","https://samennis-20200526-demo--c.documentforce.com/profilephoto/7295w000000W2nF/T","Shipping","T100","mpowers1590550477739@demo.user","eB2X","Mary Powers","WestSales",,1772.344,7487020000,19970,1772
"0015w00002DFNQ2AAP","00E5w000004erLzEAI/00E5w000004erM0EAI/00E5w000004erLvEAI","0065w000022R1s1AAC","SunTrust Banks","https://samennis-20200526-demo--c.documentforce.com/profilephoto/7295w000000W2nK/F","Amanda Hernandez",,"2020-05-27T03:49:58.000Z","Amanda Hernandez","0055w00000D4KBfAAN","Amanda Hernandez","Amanda Hernandez","Amanda Hernandez/Andrew Martin/Elliot Executive/Sam Ennis","Amanda Hernandez","Andrew Martin","Social Media","00E5w000004erLyEAI","SunTrust Banks","true","Low","true","RVP West","CO",,"2018-08-14T07:00:00.000Z","West Sales","SunTrust Banks 33","00E5w000004erLzEAI","2019_12","RVPWest","00E5w000004erLvEAI","https://samennis-20200526-demo--c.documentforce.com/profilephoto/7295w000000W2nK/T","Manufacturing","Corporate","ahernand1590550477747@demo.user","SunTrust Banks","Amanda Hernandez","WestSales",,2.7222,6586000,135,3
"0015w00002DFNEVAA5","00E5w000004erLzEAI/00E5w000004erM0EAI/00E5w000004erLvEAI","0065w000022R1bbAAC","Kjr 950 Am","https://samennis-20200526-demo--c.documentforce.com/profilephoto/7295w000000W2nF/F","Mary Powers",,"2020-05-27T03:49:09.000Z","Andrew Martin","0055w00000D4KBeAAN","Mary Powers","Mary Powers","Mary Powers/Andrew Martin/Elliot Executive/Sam Ennis","Andrew Martin","Andrew Martin","Social Media","00E5w000004erLyEAI","Kjr 950 Am","true","Low","true","RVP West","WA",,"2018-08-12T07:00:00.000Z","West Sales","Kjr 950 Am 121","00E5w000004erLzEAI","2019_12","RVPWest","00E5w000004erLvEAI","https://samennis-20200526-demo--c.documentforce.com/profilephoto/7295w000000W2nF/T","Energy","Corporate","mpowers1590550477739@demo.user","Kjr 950 Am","Mary Powers","WestSales",,47.88,4728000,130,48
"0015w00002DFNewAAH","00E5w000004erM7EAI/00E5w000004erM0EAI/00E5w000004erLvEAI","0065w000022R2B9AAK","Carpet One","https://samennis-20200526-demo--c.documentforce.com/profilephoto/7295w000000W2n5/F","Steven Mathis",,"2020-05-27T03:52:11.000Z","Edwin Tucker","0055w00000D4KBlAAN","Steven Mathis","Steven Mathis","Steven Mathis/Edwin Tucker/Elliot Executive/Sam Ennis","Edwin Tucker","Edwin Tucker","Cold Call","00E5w000004erM5EAI","Carpet One","true","Low","true","RVP East","VT",,"2018-08-14T07:00:00.000Z","East Sales","Carpet One 18","00E5w000004erM7EAI","2019_12","RVPEast","00E5w000004erLvEAI","https://samennis-20200526-demo--c.documentforce.com/profilephoto/7295w000000W2n5/T","Apparel","Corporate","smathis1590550477787@demo.user","Carpet One","Steven Mathis","EastSales",,0.7778,7924000,77,1
"0015w00002DFNWGAA5","00E5w000004erLxEAI/00E5w000004erM0EAI/00E5w000004erLvEAI","0065w000022R208AAC","Celebrate As One","https://samennis-20200526-demo--c.documentforce.com/profilephoto/7295w000000W2nU/F","Rebecca Gonzalez",,"2020-05-27T03:51:31.000Z","Elliot Executive","0055w00000D4KBtAAN","Rebecca Gonzalez","Rebecca Gonzalez","Rebecca Gonzalez/John Chen/Elliot Executive/Sam Ennis","Elliot Executive","John Chen","Inbound Call","00E5w000004erLwEAI","Celebrate As One","true","Low","true","RVP Central","OH",,"2019-01-04T08:00:00.000Z","Central Sales","Celebrate As One 181","00E5w000004erLxEAI","2019_12","RVPCentral","00E5w000004erLvEAI","https://samennis-20200526-demo--c.documentforce.com/profilephoto/7295w000000W2nU/T","Energy","Corporate","rgonzale1590550477838@demo.user","Celebrate As One","Rebecca Gonzalez","CentralSales",,5.7831,5907000,182,6
"0015w00002DFOCaAAP","00E5w000004erLxEAI/00E5w000004erM0EAI/00E5w000004erLvEAI","0065w000022R2sqAAC","IMTS Silicon Motor Speedway","https://samennis-20200526-demo--c.documentforce.com/profilephoto/7295w000000W2nZ/F","Michelle Stanley",,"2020-05-27T03:56:17.000Z","Elliot Executive","0055w00000D4KBrAAN","Michelle Stanley","Michelle Stanley","Michelle Stanley/John Chen/Elliot Executive/Sam Ennis","Elliot Executive","John Chen","Social Media","00E5w000004erLwEAI","IMTS Silicon Motor Speedway","true","Low","true","RVP Central","MN",,"2018-05-29T07:00:00.000Z","Central Sales","IMTS Silicon Motor Speedway 191","00E5w000004erLxEAI","2019_12","RVPCentral","00E5w000004erLvEAI","https://samennis-20200526-demo--c.documentforce.com/profilephoto/7295w000000W2nZ/T","Banking","T100","mstanley1590550477825@demo.user","IMTS Silicon Motor Speedway","Michelle Stanley","CentralSales",,7.1458,3215159000,15614,7
"0015w00002DFNCwAAP","00E5w000004erLzEAI/00E5w000004erM0EAI/00E5w000004erLvEAI","0065w000022R1ZTAA0","Cipient Networks Inc","https://samennis-20200526-demo--c.documentforce.com/profilephoto/7295w000000W2nF/F","Mary Powers",,"2020-05-27T03:49:09.000Z","Andrew Martin","0055w00000D4KBeAAN","Mary Powers","Mary Powers","Mary Powers/Andrew Martin/Elliot Executive/Sam Ennis","Andrew Martin","Andrew Martin","Partner","00E5w000004erLyEAI","Cipient Networks Inc","true","High","true","RVP West","WA",,"2019-08-14T07:00:00.000Z","West Sales","Cipient Networks Inc 16","00E5w000004erLzEAI","2019_12","RVPWest","00E5w000004erLvEAI","https://samennis-20200526-demo--c.documentforce.com/profilephoto/7295w000000W2nF/T","Engineering","Corporate","mpowers1590550477739@demo.user","Cipient Networks Inc","Mary Powers","WestSales",,104.3913,7269000,245,104
"0015w00002DFNQpAAP","00E5w000004erLxEAI/00E5w000004erM0EAI/00E5w000004erLvEAI","0065w000022R1t1AAC","Tech Talent","https://samennis-20200526-demo--c.documentforce.com/profilephoto/7295w000000W2nZ/F","Michelle Stanley",,"2020-05-27T03:50:08.000Z","Elliot Executive","0055w00000D4KBrAAN","Michelle Stanley","Michelle Stanley","Michelle Stanley/John Chen/Elliot Executive/Sam Ennis","Elliot Executive","John Chen","Marketing Event","00E5w000004erLwEAI","Tech Talent","true","Low","true","RVP Central","MO",,"2019-03-18T07:00:00.000Z","Central Sales","Tech Talent 195","00E5w000004erLxEAI","2019_12","RVPCentral","00E5w000004erLvEAI","https://samennis-20200526-demo--c.documentforce.com/profilephoto/7295w000000W2nZ/T","Financial Services","Corporate","mstanley1590550477825@demo.user","Tech Talent","Michelle Stanley","CentralSales",,41,2587000,23,41
"0015w00002DFNV3AAP","00E5w000004erLxEAI/00E5w000004erM0EAI/00E5w000004erLvEAI","0065w000022R1yZAAS","Towers Perrin Forester & Crosby","https://samennis-20200526-demo--c.documentforce.com/profilephoto/7295w000000W2mW/F","Crystal Stevens",,"2020-05-27T03:51:31.000Z","Crystal Stevens","0055w00000D4KBsAAN","Crystal Stevens","Crystal Stevens","Crystal Stevens/John Chen/Elliot Executive/Sam Ennis","Crystal Stevens","John Chen","Partner","00E5w000004erLwEAI","Towers Perrin Forester & Crosby","true","Low","true","RVP Central","NE",,"2019-04-09T07:00:00.000Z","Central Sales","Towers Perrin Forester & Crosby 123","00E5w000004erLxEAI","2019_12","RVPCentral","00E5w000004erLvEAI","https://samennis-20200526-demo--c.documentforce.com/profilephoto/7295w000000W2mW/T","Recreation","Corporate","cstevens1590550477831@demo.user","Towers Perrin Forester & Crosby","Crystal Stevens","CentralSales",,11.375,4307000,103,11
"0015w00002DFNTWAA5","00E5w000004erLxEAI/00E5w000004erM0EAI/00E5w000004erLvEAI","0065w000022R1waAAC","Group Health Cooperative","https://samennis-20200526-demo--c.documentforce.com/profilephoto/7295w000000W2nZ/F","Michelle Stanley",,"2020-05-27T03:50:14.000Z","Elliot Executive","0055w00000D4KBrAAN","Michelle Stanley","Michelle Stanley","Michelle Stanley/John Chen/Elliot Executive/Sam Ennis","Elliot Executive","John Chen","Inbound Call","00E5w000004erLwEAI","Group Health Cooperative","true","Low","true","RVP Central","MO",,"2019-04-28T07:00:00.000Z","Central Sales","Group Health Cooperative 131","00E5w000004erLxEAI","2019_12","RVPCentral","00E5w000004erLvEAI","https://samennis-20200526-demo--c.documentforce.com/profilephoto/7295w000000W2nZ/T","Energy","Corporate","mstanley1590550477825@demo.user","Group Health Cooperative","Michelle Stanley","CentralSales",,33.6408,2351000,120,34
"0015w00002DFNsbAAH","00E5w000004erLzEAI/00E5w000004erM0EAI/00E5w000004erLvEAI","0065w000022R2T5AAK","GENCO Distribution System","https://samennis-20200526-demo--c.documentforce.com/profilephoto/7295w000000W2nF/F","Mary Powers",,"2020-05-27T03:54:04.000Z","Andrew Martin","0055w00000D4KBeAAN","Mary Powers","Mary Powers","Mary Powers/Andrew Martin/Elliot Executive/Sam Ennis","Andrew Martin","Andrew Martin","Social Media","00E5w000004erLyEAI","GENCO Distribution System","true","Low","true","RVP West","AZ",,"2019-11-08T08:00:00.000Z","West Sales","GENCO Distribution System 1","00E5w000004erLzEAI","2019_12","RVPWest","00E5w000004erLvEAI","https://samennis-20200526-demo--c.documentforce.com/profilephoto/7295w000000W2nF/T","Energy","Corporate","mpowers1590550477739@demo.user","GENCO Distribution System","Mary Powers","WestSales",,0,8919000,164,0
"0015w00002DFO1RAAX","00E5w000004erM7EAI/00E5w000004erM0EAI/00E5w000004erLvEAI","0065w000022R2eNAAS","General Casualty Co","https://samennis-20200526-demo--c.documentforce.com/profilephoto/7295w000000W2mg/F","Kaitlyn Guerrero",,"2020-05-27T03:54:34.000Z","Edwin Tucker","0055w00000D4KBkAAN","Kaitlyn Guerrero","Kaitlyn Guerrero","Kaitlyn Guerrero/Edwin Tucker/Elliot Executive/Sam Ennis","Edwin Tucker","Edwin Tucker","Marketing Event","00E5w000004erM5EAI","General Casualty Co","true","Low","true","RVP East","NC",,"2020-04-30T07:00:00.000Z","East Sales","General Casualty Co 193","00E5w000004erM7EAI","2019_12","RVPEast","00E5w000004erLvEAI","https://samennis-20200526-demo--c.documentforce.com/profilephoto/7295w000000W2mg/T","Manufacturing","SMB","kguerrer1590550477782@demo.user","General Casualty Co","Kaitlyn Guerrero","EastSales",,1,29123000,572,1
"0015w00002DFNDLAA5","00E5w000004erLzEAI/00E5w000004erM0EAI/00E5w000004erLvEAI","0065w000022R1a4AAC","Gas Equipment Company","https://samennis-20200526-demo--c.documentforce.com/profilephoto/7295w000000W2nK/F","Amanda Hernandez",,"2020-05-27T03:49:09.000Z","Amanda Hernandez","0055w00000D4KBfAAN","Amanda Hernandez","Amanda Hernandez","Amanda Hernandez/Andrew Martin/Elliot Executive/Sam Ennis","Amanda Hernandez","Andrew Martin","Social Media","00E5w000004erLyEAI","Gas Equipment Company","true","Low","true","RVP West","WY",,"2018-07-14T07:00:00.000Z","West Sales","Gas Equipment Company 78","00E5w000004erLzEAI","2019_12","RVPWest","00E5w000004erLvEAI","https://samennis-20200526-demo--c.documentforce.com/profilephoto/7295w000000W2nK/T","Electronics","Corporate","ahernand1590550477747@demo.user","Gas Equipment Company","Amanda Hernandez","WestSales",,22.5556,8657000,46,23
"0015w00002DFNdvAAH","00E5w000004erLxEAI/00E5w000004erM0EAI/00E5w000004erLvEAI","0065w000022R29xAAC","eStudio","https://samennis-20200526-demo--c.documentforce.com/profilephoto/7295w000000W2nZ/F","Michelle Stanley",,"2020-05-27T03:52:01.000Z","Elliot Executive","0055w00000D4KBrAAN","Michelle Stanley","Michelle Stanley","Michelle Stanley/John Chen/Elliot Executive/Sam Ennis","Elliot Executive","John Chen","Cold Call","00E5w000004erLwEAI","eStudio","true","Low","true","RVP Central","PA",,"2019-12-29T08:00:00.000Z","Central Sales","eStudio 250","00E5w000004erLxEAI","2019_12","RVPCentral","00E5w000004erLvEAI","https://samennis-20200526-demo--c.documentforce.com/profilephoto/7295w000000W2nZ/T","Other","Corporate","mstanley1590550477825@demo.user","eStudio","Michelle Stanley","CentralSales",,21,5314000,75,21
"0015w00002DFNfVAAX","00E5w000004erM7EAI/00E5w000004erM0EAI/00E5w000004erLvEAI","0065w000022R2BnAAK","IBM Software / Tivoli / Micromuse","https://samennis-20200526-demo--c.documentforce.com/profilephoto/7295w000000W2mg/F","Kaitlyn Guerrero",,"2020-05-27T03:52:11.000Z","Edwin Tucker","0055w00000D4KBkAAN","Kaitlyn Guerrero","Kaitlyn Guerrero","Kaitlyn Guerrero/Edwin Tucker/Elliot Executive/Sam Ennis","Edwin Tucker","Edwin Tucker","Partner","00E5w000004erM5EAI","IBM Software / Tivoli / Micromuse","true","High","true","RVP East","VA",,"2020-02-07T08:00:00.000Z","East Sales","IBM Software / Tivoli / Micromuse 22","00E5w000004erM7EAI","2019_12","RVPEast","00E5w000004erLvEAI","https://samennis-20200526-demo--c.documentforce.com/profilephoto/7295w000000W2mg/T","Hospitality","Corporate","kguerrer1590550477782@demo.user","IBM Software / Tivoli / Micromuse","Kaitlyn Guerrero","EastSales",,238,9650000,8,238
"0015w00002DFNJEAA5","00E5w000004erLzEAI/00E5w000004erM0EAI/00E5w000004erLvEAI","0065w000022R1iCAAS","WCOIL   Ltd","https://samennis-20200526-demo--c.documentforce.com/profilephoto/7295w000000W2nK/F","Amanda Hernandez",,"2020-05-27T03:49:30.000Z","Amanda Hernandez","0055w00000D4KBfAAN","Amanda Hernandez","Amanda Hernandez","Amanda Hernandez/Andrew Martin/Elliot Executive/Sam Ennis","Amanda Hernandez","Andrew Martin","Inbound Call","00E5w000004erLyEAI","WCOIL   Ltd","true","Medium","true","RVP West","WA",,"2020-01-31T08:00:00.000Z","West Sales","WCOIL   Ltd 148","00E5w000004erLzEAI","2020_01","RVPWest","00E5w000004erLvEAI","https://samennis-20200526-demo--c.documentforce.com/profilephoto/7295w000000W2nK/T","Chemicals","Corporate","ahernand1590550477747@demo.user","WCOIL   Ltd","Amanda Hernandez","WestSales",,62.1037,2181000,159,62
"0015w00002DFNxvAAH","00E5w000004erLxEAI/00E5w000004erM0EAI/00E5w000004erLvEAI","0065w000022R2aUAAS","Pitney Bowes Distribution Ctr","https://samennis-20200526-demo--c.documentforce.com/profilephoto/7295w000000W2ne/F","Robin Montgomery",,"2020-05-27T03:54:24.000Z","Elliot Executive","0055w00000D4KBnAAN","Robin Montgomery","Robin Montgomery","Robin Montgomery/John Chen/Elliot Executive/Sam Ennis","Elliot Executive","John Chen","Marketing Event","00E5w000004erLwEAI","Pitney Bowes Distribution Ctr","true","Low","true","RVP Central","IN",,"2019-02-18T08:00:00.000Z","Central Sales","Pitney Bowes Distribution Ctr 142","00E5w000004erLxEAI","2020_01","RVPCentral","00E5w000004erLvEAI","https://samennis-20200526-demo--c.documentforce.com/profilephoto/7295w000000W2ne/T","Chemicals","Corporate","rmontgom1590550477800@demo.user","Pitney Bowes Distribution Ctr","Robin Montgomery","CentralSales",,7,6858000,61166,7
"0015w00002DFO6tAAH","00E5w000004erLxEAI/00E5w000004erM0EAI/00E5w000004erLvEAI","0065w000022R2lZAAS","OnDemand Inc","https://samennis-20200526-demo--c.documentforce.com/profilephoto/7295w000000W2nU/F","Rebecca Gonzalez",,"2020-05-27T03:55:53.000Z","Elliot Executive","0055w00000D4KBtAAN","Rebecca Gonzalez","Rebecca Gonzalez","Rebecca Gonzalez/John Chen/Elliot Executive/Sam Ennis","Elliot Executive","John Chen","Marketing Event","00E5w000004erLwEAI","OnDemand Inc","true","Low","true","RVP Central","NJ",,"2018-06-09T07:00:00.000Z","Central Sales","OnDemand Inc 87","00E5w000004erLxEAI","2020_01","RVPCentral","00E5w000004erLvEAI","https://samennis-20200526-demo--c.documentforce.com/profilephoto/7295w000000W2nU/T","Energy","Enterprise","rgonzale1590550477838@demo.user","OnDemand Inc","Rebecca Gonzalez","CentralSales",,14.2525,1145751000,215,14
"0015w00002DFNuLAAX","00E5w000004erLxEAI/00E5w000004erM0EAI/00E5w000004erLvEAI","0065w000022R2VTAA0","Georgeshao, Inc","https://samennis-20200526-demo--c.documentforce.com/profilephoto/7295w000000W2nZ/F","Michelle Stanley",,"2020-05-27T03:54:04.000Z","Elliot Executive","0055w00000D4KBrAAN","Michelle Stanley","Michelle Stanley","Michelle Stanley/John Chen/Elliot Executive/Sam Ennis","Elliot Executive","John Chen","Social Media","00E5w000004erLwEAI","Georgeshao, Inc","true","Low","true","RVP Central","NY",,"2019-06-20T07:00:00.000Z","Central Sales","Georgeshao, Inc 249","00E5w000004erLxEAI","2020_01","RVPCentral","00E5w000004erLvEAI","https://samennis-20200526-demo--c.documentforce.com/profilephoto/7295w000000W2nZ/T","Construction","Corporate","mstanley1590550477825@demo.user","Georgeshao, Inc","Michelle Stanley","CentralSales",,0,3709000,242,0
"0015w00002DFO7xAAH","00E5w000004erLxEAI/00E5w000004erM0EAI/00E5w000004erLvEAI","0065w000022R2mzAAC","John Q. Hammons Hotels","https://samennis-20200526-demo--c.documentforce.com/profilephoto/7295w000000W2mW/F","Crystal Stevens",,"2020-05-27T03:55:53.000Z","Crystal Stevens","0055w00000D4KBsAAN","Crystal Stevens","Crystal Stevens","Crystal Stevens/John Chen/Elliot Executive/Sam Ennis","Crystal Stevens","John Chen","Community","00E5w000004erLwEAI","John Q. Hammons Hotels","true","Low","true","RVP Central","NY",,"2020-02-19T08:00:00.000Z","Central Sales","John Q. Hammons Hotels 236","00E5w000004erLxEAI","2020_01","RVPCentral","00E5w000004erLvEAI","https://samennis-20200526-demo--c.documentforce.com/profilephoto/7295w000000W2mW/T","Machinery","Enterprise","cstevens1590550477831@demo.user","John Q. Hammons Hotels","Crystal Stevens","CentralSales",,0.5282,1848259000,3821,1
"0015w00002DFO9BAAX","00E5w000004erLzEAI/00E5w000004erM0EAI/00E5w000004erLvEAI","0065w000022R2oUAAS","Yuba Heat Transfer Division","https://samennis-20200526-demo--c.documentforce.com/profilephoto/7295w000000W2nK/F","Amanda Hernandez",,"2020-05-27T03:56:04.000Z","Amanda Hernandez","0055w00000D4KBfAAN","Amanda Hernandez","Amanda Hernandez","Amanda Hernandez/Andrew Martin/Elliot Executive/Sam Ennis","Amanda Hernandez","Andrew Martin","Community","00E5w000004erLyEAI","Yuba Heat Transfer Division","true","Low","true","RVP West","AK",,"2018-06-25T07:00:00.000Z","West Sales","Yuba Heat Transfer Division 171","00E5w000004erLzEAI","2020_01","RVPWest","00E5w000004erLvEAI","https://samennis-20200526-demo--c.documentforce.com/profilephoto/7295w000000W2nK/T","Recreation","Enterprise","ahernand1590550477747@demo.user","Yuba Heat Transfer Division","Amanda Hernandez","WestSales",,0.6341,1455771000,122400,1
"0015w00002DFNTJAA5","00E5w000004erLxEAI/00E5w000004erM0EAI/00E5w000004erLvEAI","0065w000022R1wGAAS","MeadWestvaco","https://samennis-20200526-demo--c.documentforce.com/profilephoto/7295w000000W2ne/F","Robin Montgomery",,"2020-05-27T03:50:14.000Z","Elliot Executive","0055w00000D4KBnAAN","Robin Montgomery","Robin Montgomery","Robin Montgomery/John Chen/Elliot Executive/Sam Ennis","Elliot Executive","John Chen","Social Media","00E5w000004erLwEAI","MeadWestvaco","true","Low","true","RVP Central","MO",,"2020-03-02T08:00:00.000Z","Central Sales","MeadWestvaco 127","00E5w000004erLxEAI","2020_01","RVPCentral","00E5w000004erLvEAI","https://samennis-20200526-demo--c.documentforce.com/profilephoto/7295w000000W2ne/T","Other","Corporate","rmontgom1590550477800@demo.user","MeadWestvaco","Robin Montgomery","CentralSales",,7,2923000,174,7
"0015w00002DFNQ2AAP","00E5w000004erLzEAI/00E5w000004erM0EAI/00E5w000004erLvEAI","0065w000022R1s1AAC","SunTrust Banks","https://samennis-20200526-demo--c.documentforce.com/profilephoto/7295w000000W2nK/F","Amanda Hernandez",,"2020-05-27T03:49:58.000Z","Amanda Hernandez","0055w00000D4KBfAAN","Amanda Hernandez","Amanda Hernandez","Amanda Hernandez/Andrew Martin/Elliot Executive/Sam Ennis","Amanda Hernandez","Andrew Martin","Social Media","00E5w000004erLyEAI","SunTrust Banks","true","Low","true","RVP West","CO",,"2018-08-14T07:00:00.000Z","West Sales","SunTrust Banks 33","00E5w000004erLzEAI","2020_02","RVPWest","00E5w000004erLvEAI","https://samennis-20200526-demo--c.documentforce.com/profilephoto/7295w000000W2nK/T","Manufacturing","Corporate","ahernand1590550477747@demo.user","SunTrust Banks","Amanda Hernandez","WestSales",,2.8824,6586000,135,3
"0015w00002DFNpUAAX","00E5w000004erLxEAI/00E5w000004erM0EAI/00E5w000004erLvEAI","0065w000022R2OmAAK","Baron Group Inc","https://samennis-20200526-demo--c.documentforce.com/profilephoto/7295w000000W2ne/F","Robin Montgomery",,"2020-05-27T03:53:44.000Z","Elliot Executive","0055w00000D4KBnAAN","Robin Montgomery","Robin Montgomery","Robin Montgomery/John Chen/Elliot Executive/Sam Ennis","Elliot Executive","John Chen","Inbound Call","00E5w000004erLwEAI","Baron Group Inc","true","Low","true","RVP Central","NJ",,"2020-02-19T08:00:00.000Z","Central Sales","Baron Group Inc 118","00E5w000004erLxEAI","2020_02","RVPCentral","00E5w000004erLvEAI","https://samennis-20200526-demo--c.documentforce.com/profilephoto/7295w000000W2ne/T","Manufacturing","Corporate","rmontgom1590550477800@demo.user","Baron Group Inc","Robin Montgomery","CentralSales",,2.6799,5782000,153,3
"0015w00002DFO1RAAX","00E5w000004erM7EAI/00E5w000004erM0EAI/00E5w000004erLvEAI","0065w000022R2eNAAS","General Casualty Co","https://samennis-20200526-demo--c.documentforce.com/profilephoto/7295w000000W2mg/F","Kaitlyn Guerrero",,"2020-05-27T03:54:34.000Z","Edwin Tucker","0055w00000D4KBkAAN","Kaitlyn Guerrero","Kaitlyn Guerrero","Kaitlyn Guerrero/Edwin Tucker/Elliot Executive/Sam Ennis","Edwin Tucker","Edwin Tucker","Marketing Event","00E5w000004erM5EAI","General Casualty Co","true","Low","true","RVP East","NC",,"2020-04-30T07:00:00.000Z","East Sales","General Casualty Co 193","00E5w000004erM7EAI","2020_02","RVPEast","00E5w000004erLvEAI","https://samennis-20200526-demo--c.documentforce.com/profilephoto/7295w000000W2mg/T","Manufacturing","SMB","kguerrer1590550477782@demo.user","General Casualty Co","Kaitlyn Guerrero","EastSales",,0.7368,29123000,572,1
"0015w00002DFNEVAA5","00E5w000004erLzEAI/00E5w000004erM0EAI/00E5w000004erLvEAI","0065w000022R1bbAAC","Kjr 950 Am","https://samennis-20200526-demo--c.documentforce.com/profilephoto/7295w000000W2nF/F","Mary Powers",,"2020-05-27T03:49:09.000Z","Andrew Martin","0055w00000D4KBeAAN","Mary Powers","Mary Powers","Mary Powers/Andrew Martin/Elliot Executive/Sam Ennis","Andrew Martin","Andrew Martin","Social Media","00E5w000004erLyEAI","Kjr 950 Am","true","Low","true","RVP West","WA",,"2018-08-12T07:00:00.000Z","West Sales","Kjr 950 Am 121","00E5w000004erLzEAI","2020_02","RVPWest","00E5w000004erLvEAI","https://samennis-20200526-demo--c.documentforce.com/profilephoto/7295w000000W2nF/T","Energy","Corporate","mpowers1590550477739@demo.user","Kjr 950 Am","Mary Powers","WestSales",,47.4634,4728000,130,47
"0015w00002DFOCYAA5","00E5w000004erLzEAI/00E5w000004erM0EAI/00E5w000004erLvEAI","0065w000022R2slAAC","Paracelsus Healthcare","https://samennis-20200526-demo--c.documentforce.com/profilephoto/7295w000000W2nK/F","Amanda Hernandez",,"2020-05-27T03:56:17.000Z","Amanda Hernandez","0055w00000D4KBfAAN","Amanda Hernandez","Amanda Hernandez","Amanda Hernandez/Andrew Martin/Elliot Executive/Sam Ennis","Amanda Hernandez","Andrew Martin","Referral","00E5w000004erLyEAI","Paracelsus Healthcare","true","Low","true","RVP West","AK",,"2018-08-02T07:00:00.000Z","West Sales","Paracelsus Healthcare 125","00E5w000004erLzEAI","2020_02","RVPWest","00E5w000004erLvEAI","https://samennis-20200526-demo--c.documentforce.com/profilephoto/7295w000000W2nK/T","Energy","T100","ahernand1590550477747@demo.user","Paracelsus Healthcare","Amanda Hernandez","WestSales",,0,5193082000,9525,0
"0015w00002DFNWxAAP","00E5w000004erLzEAI/00E5w000004erM0EAI/00E5w000004erLvEAI","0065w000022R219AAC","Westwave Communications","https://samennis-20200526-demo--c.documentforce.com/profilephoto/7295w000000W2nF/F","Mary Powers",,"2020-05-27T03:51:40.000Z","Andrew Martin","0055w00000D4KBeAAN","Mary Powers","Mary Powers","Mary Powers/Andrew Martin/Elliot Executive/Sam Ennis","Andrew Martin","Andrew Martin","Community","00E5w000004erLyEAI","Westwave Communications","true","Low","true","RVP West","CA",,"2019-03-14T07:00:00.000Z","West Sales","Westwave Communications 195","00E5w000004erLzEAI","2020_02","RVPWest","00E5w000004erLvEAI","https://samennis-20200526-demo--c.documentforce.com/profilephoto/7295w000000W2nF/T","Communications","Corporate","mpowers1590550477739@demo.user","Westwave Communications","Mary Powers","WestSales",,17.1111,6326000,50,17
"0015w00002DFNQpAAP","00E5w000004erLxEAI/00E5w000004erM0EAI/00E5w000004erLvEAI","0065w000022R1t1AAC","Tech Talent","https://samennis-20200526-demo--c.documentforce.com/profilephoto/7295w000000W2nZ/F","Michelle Stanley",,"2020-05-27T03:50:08.000Z","Elliot Executive","0055w00000D4KBrAAN","Michelle Stanley","Michelle Stanley","Michelle Stanley/John Chen/Elliot Executive/Sam Ennis","Elliot Executive","John Chen","Marketing Event","00E5w000004erLwEAI","Tech Talent","true","Low","true","RVP Central","MO",,"2019-03-18T07:00:00.000Z","Central Sales","Tech Talent 195","00E5w000004erLxEAI","2020_02","RVPCentral","00E5w000004erLvEAI","https://samennis-20200526-demo--c.documentforce.com/profilephoto/7295w000000W2nZ/T","Financial Services","Corporate","mstanley1590550477825@demo.user","Tech Talent","Michelle Stanley","CentralSales",,35,2587000,23,35
"0015w00002DFNTpAAP","00E5w000004erLxEAI/00E5w000004erM0EAI/00E5w000004erLvEAI","0065w000022R1wwAAC","Pimo.net","https://samennis-20200526-demo--c.documentforce.com/profilephoto/7295w000000W2mW/F","Crystal Stevens",,"2020-05-27T03:50:14.000Z","Crystal Stevens","0055w00000D4KBsAAN","Crystal Stevens","Crystal Stevens","Crystal Stevens/John Chen/Elliot Executive/Sam Ennis","Crystal Stevens","John Chen","Inbound Call","00E5w000004erLwEAI","Pimo.net","true","Medium","true","RVP Central","WI",,"2018-06-17T07:00:00.000Z","Central Sales","Pimo.net 156","00E5w000004erLxEAI","2020_02","RVPCentral","00E5w000004erLvEAI","https://samennis-20200526-demo--c.documentforce.com/profilephoto/7295w000000W2mW/T","Entertainment","Corporate","cstevens1590550477831@demo.user","Pimo.net","Crystal Stevens","CentralSales",,55.4288,4196000,210,55
"0015w00002DFNtUAAX","00E5w000004erLxEAI/00E5w000004erM0EAI/00E5w000004erLvEAI","0065w000022R2UKAA0","Network Co.","https://samennis-20200526-demo--c.documentforce.com/profilephoto/7295w000000W2nU/F","Rebecca Gonzalez",,"2020-05-27T03:54:04.000Z","Elliot Executive","0055w00000D4KBtAAN","Rebecca Gonzalez","Rebecca Gonzalez","Rebecca Gonzalez/John Chen/Elliot Executive/Sam Ennis","Elliot Executive","John Chen","Inbound Call","00E5w000004erLwEAI","Network Co.","true","Low","true","RVP Central","IA",,"2018-10-21T07:00:00.000Z","Central Sales","Network Co. 198","00E5w000004erLxEAI","2020_02","RVPCentral","00E5w000004erLvEAI","https://samennis-20200526-demo--c.documentforce.com/profilephoto/7295w000000W2nU/T","Financial Services","Corporate","rgonzale1590550477838@demo.user","Network Co.","Rebecca Gonzalez","CentralSales",,14,5457000,236,14
"0015w00002DFNV3AAP","00E5w000004erLxEAI/00E5w000004erM0EAI/00E5w000004erLvEAI","0065w000022R1yZAAS","Towers Perrin Forester & Crosby","https://samennis-20200526-demo--c.documentforce.com/profilephoto/7295w000000W2mW/F","Crystal Stevens",,"2020-05-27T03:51:31.000Z","Crystal Stevens","0055w00000D4KBsAAN","Crystal Stevens","Crystal Stevens","Crystal Stevens/John Chen/Elliot Executive/Sam Ennis","Crystal Stevens","John Chen","Partner","00E5w000004erLwEAI","Towers Perrin Forester & Crosby","true","Low","true","RVP Central","NE",,"2019-04-09T07:00:00.000Z","Central Sales","Towers Perrin Forester & Crosby 123","00E5w000004erLxEAI","2020_02","RVPCentral","00E5w000004erLvEAI","https://samennis-20200526-demo--c.documentforce.com/profilephoto/7295w000000W2mW/T","Recreation","Corporate","cstevens1590550477831@demo.user","Towers Perrin Forester & Crosby","Crystal Stevens","CentralSales",,17.444,4307000,103,17
"0015w00002DFNWZAA5","00E5w000004erLxEAI/00E5w000004erM0EAI/00E5w000004erLvEAI","0065w000022R20cAAC","Telex Communications","https://samennis-20200526-demo--c.documentforce.com/profilephoto/7295w000000W2nU/F","Rebecca Gonzalez",,"2020-05-27T03:51:31.000Z","Elliot Executive","0055w00000D4KBtAAN","Rebecca Gonzalez","Rebecca Gonzalez","Rebecca Gonzalez/John Chen/Elliot Executive/Sam Ennis","Elliot Executive","John Chen","Data.com","00E5w000004erLwEAI","Telex Communications","true","High","true","RVP Central","IL",,"2019-08-10T07:00:00.000Z","Central Sales","Telex Communications 255","00E5w000004erLxEAI","2020_02","RVPCentral","00E5w000004erLvEAI","https://samennis-20200526-demo--c.documentforce.com/profilephoto/7295w000000W2nU/T","Transportation","Corporate","rgonzale1590550477838@demo.user","Telex Communications","Rebecca Gonzalez","CentralSales",,1620.22,3255000,175,1620
"0015w00002DFNL0AAP","00E5w000004erLxEAI/00E5w000004erM0EAI/00E5w000004erLvEAI","0065w000022R1kiAAC","ARI Network Services","https://samennis-20200526-demo--c.documentforce.com/profilephoto/7295w000000W2mW/F","Crystal Stevens",,"2020-05-27T03:49:40.000Z","Crystal Stevens","0055w00000D4KBsAAN","Crystal Stevens","Crystal Stevens","Crystal Stevens/John Chen/Elliot Executive/Sam Ennis","Crystal Stevens","John Chen","Social Media","00E5w000004erLwEAI","ARI Network Services","true","High","true","RVP Central","KS",,"2018-08-04T07:00:00.000Z","Central Sales","ARI Network Services 243","00E5w000004erLxEAI","2020_02","RVPCentral","00E5w000004erLvEAI","https://samennis-20200526-demo--c.documentforce.com/profilephoto/7295w000000W2mW/T","Retail","Corporate","cstevens1590550477831@demo.user","ARI Network Services","Crystal Stevens","CentralSales",,112,8851000,43,112
"0015w00002DFNQ2AAP","00E5w000004erLzEAI/00E5w000004erM0EAI/00E5w000004erLvEAI","0065w000022R1s1AAC","SunTrust Banks","https://samennis-20200526-demo--c.documentforce.com/profilephoto/7295w000000W2nK/F","Amanda Hernandez",,"2020-05-27T03:49:58.000Z","Amanda Hernandez","0055w00000D4KBfAAN","Amanda Hernandez","Amanda Hernandez","Amanda Hernandez/Andrew Martin/Elliot Executive/Sam Ennis","Amanda Hernandez","Andrew Martin","Social Media","00E5w000004erLyEAI","SunTrust Banks","true","Low","true","RVP West","CO",,"2018-08-14T07:00:00.000Z","West Sales","SunTrust Banks 33","00E5w000004erLzEAI","2020_03","RVPWest","00E5w000004erLvEAI","https://samennis-20200526-demo--c.documentforce.com/profilephoto/7295w000000W2nK/T","Manufacturing","Corporate","ahernand1590550477747@demo.user","SunTrust Banks","Amanda Hernandez","WestSales",,2.5,6586000,135,3
"0015w00002DFNEVAA5","00E5w000004erLzEAI/00E5w000004erM0EAI/00E5w000004erLvEAI","0065w000022R1bbAAC","Kjr 950 Am","https://samennis-20200526-demo--c.documentforce.com/profilephoto/7295w000000W2nF/F","Mary Powers",,"2020-05-27T03:49:09.000Z","Andrew Martin","0055w00000D4KBeAAN","Mary Powers","Mary Powers","Mary Powers/Andrew Martin/Elliot Executive/Sam Ennis","Andrew Martin","Andrew Martin","Social Media","00E5w000004erLyEAI","Kjr 950 Am","true","Low","true","RVP West","WA",,"2018-08-12T07:00:00.000Z","West Sales","Kjr 950 Am 121","00E5w000004erLzEAI","2020_03","RVPWest","00E5w000004erLvEAI","https://samennis-20200526-demo--c.documentforce.com/profilephoto/7295w000000W2nF/T","Energy","Corporate","mpowers1590550477739@demo.user","Kjr 950 Am","Mary Powers","WestSales",,36.5784,4728000,130,37
"0015w00002DFO6tAAH","00E5w000004erLxEAI/00E5w000004erM0EAI/00E5w000004erLvEAI","0065w000022R2lZAAS","OnDemand Inc","https://samennis-20200526-demo--c.documentforce.com/profilephoto/7295w000000W2nU/F","Rebecca Gonzalez",,"2020-05-27T03:55:53.000Z","Elliot Executive","0055w00000D4KBtAAN","Rebecca Gonzalez","Rebecca Gonzalez","Rebecca Gonzalez/John Chen/Elliot Executive/Sam Ennis","Elliot Executive","John Chen","Marketing Event","00E5w000004erLwEAI","OnDemand Inc","true","Low","true","RVP Central","NJ",,"2018-06-09T07:00:00.000Z","Central Sales","OnDemand Inc 87","00E5w000004erLxEAI","2020_03","RVPCentral","00E5w000004erLvEAI","https://samennis-20200526-demo--c.documentforce.com/profilephoto/7295w000000W2nU/T","Energy","Enterprise","rgonzale1590550477838@demo.user","OnDemand Inc","Rebecca Gonzalez","CentralSales",,16.3963,1145751000,215,16
"0015w00002DFOCYAA5","00E5w000004erLzEAI/00E5w000004erM0EAI/00E5w000004erLvEAI","0065w000022R2slAAC","Paracelsus Healthcare","https://samennis-20200526-demo--c.documentforce.com/profilephoto/7295w000000W2nK/F","Amanda Hernandez",,"2020-05-27T03:56:17.000Z","Amanda Hernandez","0055w00000D4KBfAAN","Amanda Hernandez","Amanda Hernandez","Amanda Hernandez/Andrew Martin/Elliot Executive/Sam Ennis","Amanda Hernandez","Andrew Martin","Referral","00E5w000004erLyEAI","Paracelsus Healthcare","true","Low","true","RVP West","AK",,"2018-08-02T07:00:00.000Z","West Sales","Paracelsus Healthcare 125","00E5w000004erLzEAI","2020_03","RVPWest","00E5w000004erLvEAI","https://samennis-20200526-demo--c.documentforce.com/profilephoto/7295w000000W2nK/T","Energy","T100","ahernand1590550477747@demo.user","Paracelsus Healthcare","Amanda Hernandez","WestSales",,0,5193082000,9525,0
"0015w00002DFNVJAA5","00E5w000004erLxEAI/00E5w000004erM0EAI/00E5w000004erLvEAI","0065w000022R1ywAAC","Acutherm","https://samennis-20200526-demo--c.documentforce.com/profilephoto/7295w000000W2mW/F","Crystal Stevens",,"2020-05-27T03:51:31.000Z","Crystal Stevens","0055w00000D4KBsAAN","Crystal Stevens","Crystal Stevens","Crystal Stevens/John Chen/Elliot Executive/Sam Ennis","Crystal Stevens","John Chen","Referral","00E5w000004erLwEAI","Acutherm","true","High","true","RVP Central","IL",,"2019-11-17T08:00:00.000Z","Central Sales","Acutherm 197","00E5w000004erLxEAI","2020_03","RVPCentral","00E5w000004erLvEAI","https://samennis-20200526-demo--c.documentforce.com/profilephoto/7295w000000W2mW/T","Banking","Corporate","cstevens1590550477831@demo.user","Acutherm","Crystal Stevens","CentralSales",,172.6113,7625000,68,173
"0015w00002DFNVjAAP","00E5w000004erLxEAI/00E5w000004erM0EAI/00E5w000004erLvEAI","0065w000022R1zVAAS","F5(formerly Uroam )(formerly Filanet Cor","https://samennis-20200526-demo--c.documentforce.com/profilephoto/7295w000000W2ne/F","Robin Montgomery",,"2020-05-27T03:51:31.000Z","Elliot Executive","0055w00000D4KBnAAN","Robin Montgomery","Robin Montgomery","Robin Montgomery/John Chen/Elliot Executive/Sam Ennis","Elliot Executive","John Chen","Website","00E5w000004erLwEAI","F5(formerly Uroam )(formerly Filanet Cor","true","Low","true","RVP Central","IN",,"2019-11-09T08:00:00.000Z","Central Sales","F5(formerly Uroam )(formerly Filanet Cor 201","00E5w000004erLxEAI","2020_03","RVPCentral","00E5w000004erLvEAI","https://samennis-20200526-demo--c.documentforce.com/profilephoto/7295w000000W2ne/T","Energy","Corporate","rmontgom1590550477800@demo.user","F5(formerly Uroam )(formerly Filanet Cor","Robin Montgomery","CentralSales",,1.12,3359000,180,1
"0015w00002DFOBwAAP","00E5w000004erLzEAI/00E5w000004erM0EAI/00E5w000004erLvEAI","0065w000022R2rxAAC","Yunker Industries","https://samennis-20200526-demo--c.documentforce.com/profilephoto/7295w000000W2nA/F","Kristen Miller",,"2020-05-27T03:56:17.000Z","Andrew Martin","0055w00000D4KBqAAN","Kristen Miller","Kristen Miller","Kristen Miller/Andrew Martin/Elliot Executive/Sam Ennis","Andrew Martin","Andrew Martin","Marketing Event","00E5w000004erLyEAI","Yunker Industries","true","Low","true","RVP West","UT",,"2019-01-25T08:00:00.000Z","West Sales","Yunker Industries 188","00E5w000004erLzEAI","2020_03","RVPWest","00E5w000004erLvEAI","https://samennis-20200526-demo--c.documentforce.com/profilephoto/7295w000000W2nA/T","Hospitality","T100","kmiller1590550477818@demo.user","Yunker Industries","Kristen Miller","WestSales",,0,4930081000,1258,0
"0015w00002DFO5FAAX","00E5w000004erLxEAI/00E5w000004erM0EAI/00E5w000004erLvEAI","0065w000022R2jNAAS","SendOrder.com","https://samennis-20200526-demo--c.documentforce.com/profilephoto/7295w000000W2nZ/F","Michelle Stanley",,"2020-05-27T03:54:48.000Z","Elliot Executive","0055w00000D4KBrAAN","Michelle Stanley","Michelle Stanley","Michelle Stanley/John Chen/Elliot Executive/Sam Ennis","Elliot Executive","John Chen","Marketing Event","00E5w000004erLwEAI","SendOrder.com","true","Low","true","RVP Central","LA",,"2019-09-25T07:00:00.000Z","Central Sales","SendOrder.com 251","00E5w000004erLxEAI","2020_03","RVPCentral","00E5w000004erLvEAI","https://samennis-20200526-demo--c.documentforce.com/profilephoto/7295w000000W2nZ/T","Retail","Mid-Market","mstanley1590550477825@demo.user","SendOrder.com","Michelle Stanley","CentralSales",,0,417182000,3118,0
"0015w00002DFNfVAAX","00E5w000004erM7EAI/00E5w000004erM0EAI/00E5w000004erLvEAI","0065w000022R2BnAAK","IBM Software / Tivoli / Micromuse","https://samennis-20200526-demo--c.documentforce.com/profilephoto/7295w000000W2mg/F","Kaitlyn Guerrero",,"2020-05-27T03:52:11.000Z","Edwin Tucker","0055w00000D4KBkAAN","Kaitlyn Guerrero","Kaitlyn Guerrero","Kaitlyn Guerrero/Edwin Tucker/Elliot Executive/Sam Ennis","Edwin Tucker","Edwin Tucker","Partner","00E5w000004erM5EAI","IBM Software / Tivoli / Micromuse","true","High","true","RVP East","VA",,"2020-02-07T08:00:00.000Z","East Sales","IBM Software / Tivoli / Micromuse 22","00E5w000004erM7EAI","2020_03","RVPEast","00E5w000004erLvEAI","https://samennis-20200526-demo--c.documentforce.com/profilephoto/7295w000000W2mg/T","Hospitality","Corporate","kguerrer1590550477782@demo.user","IBM Software / Tivoli / Micromuse","Kaitlyn Guerrero","EastSales",,308,9650000,8,308
"0015w00002DFNM0AAP","00E5w000004erLzEAI/00E5w000004erM0EAI/00E5w000004erLvEAI","0065w000022R1m3AAC","adeptive.com","https://samennis-20200526-demo--c.documentforce.com/profilephoto/7295w000000W2nF/F","Mary Powers",,"2020-05-27T03:49:40.000Z","Andrew Martin","0055w00000D4KBeAAN","Mary Powers","Mary Powers","Mary Powers/Andrew Martin/Elliot Executive/Sam Ennis","Andrew Martin","Andrew Martin","Community","00E5w000004erLyEAI","adeptive.com","true","Low","true","RVP West","WA",,"2018-08-03T07:00:00.000Z","West Sales","adeptive.com 123","00E5w000004erLzEAI","2019_04","RVPWest","00E5w000004erLvEAI","https://samennis-20200526-demo--c.documentforce.com/profilephoto/7295w000000W2nF/T","Shipping","Corporate","mpowers1590550477739@demo.user","adeptive.com","Mary Powers","WestSales",,2.9355,9093000,176,3
"0015w00002DFNVJAA5","00E5w000004erLxEAI/00E5w000004erM0EAI/00E5w000004erLvEAI","0065w000022R1ywAAC","Acutherm","https://samennis-20200526-demo--c.documentforce.com/profilephoto/7295w000000W2mW/F","Crystal Stevens",,"2020-05-27T03:51:31.000Z","Crystal Stevens","0055w00000D4KBsAAN","Crystal Stevens","Crystal Stevens","Crystal Stevens/John Chen/Elliot Executive/Sam Ennis","Crystal Stevens","John Chen","Referral","00E5w000004erLwEAI","Acutherm","true","Medium","true","RVP Central","IL",,"2019-11-17T08:00:00.000Z","Central Sales","Acutherm 197","00E5w000004erLxEAI","2019_04","RVPCentral","00E5w000004erLvEAI","https://samennis-20200526-demo--c.documentforce.com/profilephoto/7295w000000W2mW/T","Banking","Corporate","cstevens1590550477831@demo.user","Acutherm","Crystal Stevens","CentralSales",,76.326,7625000,68,76
"0015w00002DFNjeAAH","00E5w000004erLxEAI/00E5w000004erM0EAI/00E5w000004erLvEAI","0065w000022R2H9AAK","Intelsat Corporation","https://samennis-20200526-demo--c.documentforce.com/profilephoto/7295w000000W2nZ/F","Michelle Stanley",,"2020-05-27T03:52:30.000Z","Elliot Executive","0055w00000D4KBrAAN","Michelle Stanley","Michelle Stanley","Michelle Stanley/John Chen/Elliot Executive/Sam Ennis","Elliot Executive","John Chen","Marketing Event","00E5w000004erLwEAI","Intelsat Corporation","true","High","true","RVP Central","LA",,"2019-05-26T07:00:00.000Z","Central Sales","Intelsat Corporation 11","00E5w000004erLxEAI","2019_04","RVPCentral","00E5w000004erLvEAI","https://samennis-20200526-demo--c.documentforce.com/profilephoto/7295w000000W2nZ/T","Education","Corporate","mstanley1590550477825@demo.user","Intelsat Corporation","Michelle Stanley","CentralSales",,170.1103,8056000,178,170
"0015w00002DFNSlAAP","00E5w000004erLzEAI/00E5w000004erM0EAI/00E5w000004erLvEAI","0065w000022R1vbAAC","Individual Software","https://samennis-20200526-demo--c.documentforce.com/profilephoto/7295w000000W2mR/F","Brandy Mullins",,"2020-05-27T03:50:08.000Z","Andrew Martin","0055w00000D4KBgAAN","Brandy Mullins","Brandy Mullins","Brandy Mullins/Andrew Martin/Elliot Executive/Sam Ennis","Andrew Martin","Andrew Martin","Social Media","00E5w000004erLyEAI","Individual Software","true","Low","true","RVP West","WA",,"2018-12-01T08:00:00.000Z","West Sales","Individual Software 10","00E5w000004erLzEAI","2019_04","RVPWest","00E5w000004erLvEAI","https://samennis-20200526-demo--c.documentforce.com/profilephoto/7295w000000W2mR/T","Government","Corporate","bmullins1590550477755@demo.user","Individual Software","Brandy Mullins","WestSales",,7,9436000,126,7
"0015w00002DFNQ2AAP","00E5w000004erLzEAI/00E5w000004erM0EAI/00E5w000004erLvEAI","0065w000022R1s1AAC","SunTrust Banks","https://samennis-20200526-demo--c.documentforce.com/profilephoto/7295w000000W2nK/F","Amanda Hernandez",,"2020-05-27T03:49:58.000Z","Amanda Hernandez","0055w00000D4KBfAAN","Amanda Hernandez","Amanda Hernandez","Amanda Hernandez/Andrew Martin/Elliot Executive/Sam Ennis","Amanda Hernandez","Andrew Martin","Social Media","00E5w000004erLyEAI","SunTrust Banks","true","Low","true","RVP West","CO",,"2018-08-14T07:00:00.000Z","West Sales","SunTrust Banks 33","00E5w000004erLzEAI","2019_05","RVPWest","00E5w000004erLvEAI","https://samennis-20200526-demo--c.documentforce.com/profilephoto/7295w000000W2nK/T","Manufacturing","Corporate","ahernand1590550477747@demo.user","SunTrust Banks","Amanda Hernandez","WestSales",,1.5556,6586000,135,2
"0015w00002DFNXLAA5","00E5w000004erLzEAI/00E5w000004erM0EAI/00E5w000004erLvEAI","0065w000022R21cAAC","Airspeak Inc","https://samennis-20200526-demo--c.documentforce.com/profilephoto/7295w000000W2mR/F","Brandy Mullins",,"2020-05-27T03:51:40.000Z","Andrew Martin","0055w00000D4KBgAAN","Brandy Mullins","Brandy Mullins","Brandy Mullins/Andrew Martin/Elliot Executive/Sam Ennis","Andrew Martin","Andrew Martin","Data.com","00E5w000004erLyEAI","Airspeak Inc","true","High","true","RVP West","CA",,"2019-01-03T08:00:00.000Z","West Sales","Airspeak Inc 170","00E5w000004erLzEAI","2019_05","RVPWest","00E5w000004erLvEAI","https://samennis-20200526-demo--c.documentforce.com/profilephoto/7295w000000W2mR/T","Healthcare & Life Sciences","Corporate","bmullins1590550477755@demo.user","Airspeak Inc","Brandy Mullins","WestSales",,285.0638,6788000,144,285
"0015w00002DFNQpAAP","00E5w000004erLxEAI/00E5w000004erM0EAI/00E5w000004erLvEAI","0065w000022R1t1AAC","Tech Talent","https://samennis-20200526-demo--c.documentforce.com/profilephoto/7295w000000W2nZ/F","Michelle Stanley",,"2020-05-27T03:50:08.000Z","Elliot Executive","0055w00000D4KBrAAN","Michelle Stanley","Michelle Stanley","Michelle Stanley/John Chen/Elliot Executive/Sam Ennis","Elliot Executive","John Chen","Marketing Event","00E5w000004erLwEAI","Tech Talent","true","Low","true","RVP Central","MO",,"2019-03-18T07:00:00.000Z","Central Sales","Tech Talent 195","00E5w000004erLxEAI","2019_05","RVPCentral","00E5w000004erLvEAI","https://samennis-20200526-demo--c.documentforce.com/profilephoto/7295w000000W2nZ/T","Financial Services","Corporate","mstanley1590550477825@demo.user","Tech Talent","Michelle Stanley","CentralSales",,21,2587000,23,21
"0015w00002DFNDLAA5","00E5w000004erLzEAI/00E5w000004erM0EAI/00E5w000004erLvEAI","0065w000022R1a4AAC","Gas Equipment Company","https://samennis-20200526-demo--c.documentforce.com/profilephoto/7295w000000W2nK/F","Amanda Hernandez",,"2020-05-27T03:49:09.000Z","Amanda Hernandez","0055w00000D4KBfAAN","Amanda Hernandez","Amanda Hernandez","Amanda Hernandez/Andrew Martin/Elliot Executive/Sam Ennis","Amanda Hernandez","Andrew Martin","Social Media","00E5w000004erLyEAI","Gas Equipment Company","true","Low","true","RVP West","WY",,"2018-07-14T07:00:00.000Z","West Sales","Gas Equipment Company 78","00E5w000004erLzEAI","2019_05","RVPWest","00E5w000004erLvEAI","https://samennis-20200526-demo--c.documentforce.com/profilephoto/7295w000000W2nK/T","Electronics","Corporate","ahernand1590550477747@demo.user","Gas Equipment Company","Amanda Hernandez","WestSales",,23.3994,8657000,46,23
"0015w00002DFNEVAA5","00E5w000004erLzEAI/00E5w000004erM0EAI/00E5w000004erLvEAI","0065w000022R1bbAAC","Kjr 950 Am","https://samennis-20200526-demo--c.documentforce.com/profilephoto/7295w000000W2nF/F","Mary Powers",,"2020-05-27T03:49:09.000Z","Andrew Martin","0055w00000D4KBeAAN","Mary Powers","Mary Powers","Mary Powers/Andrew Martin/Elliot Executive/Sam Ennis","Andrew Martin","Andrew Martin","Social Media","00E5w000004erLyEAI","Kjr 950 Am","true","Low","true","RVP West","WA",,"2018-08-12T07:00:00.000Z","West Sales","Kjr 950 Am 121","00E5w000004erLzEAI","2019_06","RVPWest","00E5w000004erLvEAI","https://samennis-20200526-demo--c.documentforce.com/profilephoto/7295w000000W2nF/T","Energy","Corporate","mpowers1590550477739@demo.user","Kjr 950 Am","Mary Powers","WestSales",,43.4259,4728000,130,43
"0015w00002DFNM0AAP","00E5w000004erLzEAI/00E5w000004erM0EAI/00E5w000004erLvEAI","0065w000022R1m3AAC","adeptive.com","https://samennis-20200526-demo--c.documentforce.com/profilephoto/7295w000000W2nF/F","Mary Powers",,"2020-05-27T03:49:40.000Z","Andrew Martin","0055w00000D4KBeAAN","Mary Powers","Mary Powers","Mary Powers/Andrew Martin/Elliot Executive/Sam Ennis","Andrew Martin","Andrew Martin","Community","00E5w000004erLyEAI","adeptive.com","true","Low","true","RVP West","WA",,"2018-08-03T07:00:00.000Z","West Sales","adeptive.com 123","00E5w000004erLzEAI","2019_06","RVPWest","00E5w000004erLvEAI","https://samennis-20200526-demo--c.documentforce.com/profilephoto/7295w000000W2nF/T","Shipping","Corporate","mpowers1590550477739@demo.user","adeptive.com","Mary Powers","WestSales",,3.4,9093000,176,3
"0015w00002DFNTpAAP","00E5w000004erLxEAI/00E5w000004erM0EAI/00E5w000004erLvEAI","0065w000022R1wwAAC","Pimo.net","https://samennis-20200526-demo--c.documentforce.com/profilephoto/7295w000000W2mW/F","Crystal Stevens",,"2020-05-27T03:50:14.000Z","Crystal Stevens","0055w00000D4KBsAAN","Crystal Stevens","Crystal Stevens","Crystal Stevens/John Chen/Elliot Executive/Sam Ennis","Crystal Stevens","John Chen","Inbound Call","00E5w000004erLwEAI","Pimo.net","true","Low","true","RVP Central","WI",,"2018-06-17T07:00:00.000Z","Central Sales","Pimo.net 156","00E5w000004erLxEAI","2019_06","RVPCentral","00E5w000004erLvEAI","https://samennis-20200526-demo--c.documentforce.com/profilephoto/7295w000000W2mW/T","Entertainment","Corporate","cstevens1590550477831@demo.user","Pimo.net","Crystal Stevens","CentralSales",,11.808,4196000,210,12
"0015w00002DFNV3AAP","00E5w000004erLxEAI/00E5w000004erM0EAI/00E5w000004erLvEAI","0065w000022R1yZAAS","Towers Perrin Forester & Crosby","https://samennis-20200526-demo--c.documentforce.com/profilephoto/7295w000000W2mW/F","Crystal Stevens",,"2020-05-27T03:51:31.000Z","Crystal Stevens","0055w00000D4KBsAAN","Crystal Stevens","Crystal Stevens","Crystal Stevens/John Chen/Elliot Executive/Sam Ennis","Crystal Stevens","John Chen","Partner","00E5w000004erLwEAI","Towers Perrin Forester & Crosby","true","Low","true","RVP Central","NE",,"2019-04-09T07:00:00.000Z","Central Sales","Towers Perrin Forester & Crosby 123","00E5w000004erLxEAI","2019_06","RVPCentral","00E5w000004erLvEAI","https://samennis-20200526-demo--c.documentforce.com/profilephoto/7295w000000W2mW/T","Recreation","Corporate","cstevens1590550477831@demo.user","Towers Perrin Forester & Crosby","Crystal Stevens","CentralSales",,15.5556,4307000,103,16
"0015w00002DFNTeAAP","00E5w000004erLzEAI/00E5w000004erM0EAI/00E5w000004erLvEAI","0065w000022R1wjAAC","Kenwal Steel Corp.","https://samennis-20200526-demo--c.documentforce.com/profilephoto/7295w000000W2nB/F","Meagan Blevins",,"2020-05-27T03:50:14.000Z","Andrew Martin","0055w00000D4KBhAAN","Meagan Blevins","Meagan Blevins","Meagan Blevins/Andrew Martin/Elliot Executive/Sam Ennis","Andrew Martin","Andrew Martin","Social Media","00E5w000004erLyEAI","Kenwal Steel Corp.","true","Low","true","RVP West","WA",,"2019-06-27T07:00:00.000Z","West Sales","Kenwal Steel Corp. 254","00E5w000004erLzEAI","2019_06","RVPWest","00E5w000004erLvEAI","https://samennis-20200526-demo--c.documentforce.com/profilephoto/7295w000000W2nB/T","Consulting","Corporate","mblevins1590550477762@demo.user","Kenwal Steel Corp.","Meagan Blevins","WestSales",,7,4606000,173,7
"0015w00002DFO5FAAX","00E5w000004erLxEAI/00E5w000004erM0EAI/00E5w000004erLvEAI","0065w000022R2jNAAS","SendOrder.com","https://samennis-20200526-demo--c.documentforce.com/profilephoto/7295w000000W2nZ/F","Michelle Stanley",,"2020-05-27T03:54:48.000Z","Elliot Executive","0055w00000D4KBrAAN","Michelle Stanley","Michelle Stanley","Michelle Stanley/John Chen/Elliot Executive/Sam Ennis","Elliot Executive","John Chen","Marketing Event","00E5w000004erLwEAI","SendOrder.com","true","Low","true","RVP Central","LA",,"2019-09-25T07:00:00.000Z","Central Sales","SendOrder.com 251","00E5w000004erLxEAI","2019_06","RVPCentral","00E5w000004erLvEAI","https://samennis-20200526-demo--c.documentforce.com/profilephoto/7295w000000W2nZ/T","Retail","Mid-Market","mstanley1590550477825@demo.user","SendOrder.com","Michelle Stanley","CentralSales",,7,417182000,3118,7
"0015w00002DFNL0AAP","00E5w000004erLxEAI/00E5w000004erM0EAI/00E5w000004erLvEAI","0065w000022R1kiAAC","ARI Network Services","https://samennis-20200526-demo--c.documentforce.com/profilephoto/7295w000000W2mW/F","Crystal Stevens",,"2020-05-27T03:49:40.000Z","Crystal Stevens","0055w00000D4KBsAAN","Crystal Stevens","Crystal Stevens","Crystal Stevens/John Chen/Elliot Executive/Sam Ennis","Crystal Stevens","John Chen","Social Media","00E5w000004erLwEAI","ARI Network Services","true","High","true","RVP Central","KS",,"2018-08-04T07:00:00.000Z","Central Sales","ARI Network Services 243","00E5w000004erLxEAI","2019_06","RVPCentral","00E5w000004erLvEAI","https://samennis-20200526-demo--c.documentforce.com/profilephoto/7295w000000W2mW/T","Retail","Corporate","cstevens1590550477831@demo.user","ARI Network Services","Crystal Stevens","CentralSales",,238,8851000,43,238
"0015w00002DFNYkAAP","00E5w000004erLzEAI/00E5w000004erM0EAI/00E5w000004erLvEAI","0065w000022R23TAAS","Sales Consultants","https://samennis-20200526-demo--c.documentforce.com/profilephoto/7295w000000W2nF/F","Mary Powers",,"2020-05-27T03:51:40.000Z","Andrew Martin","0055w00000D4KBeAAN","Mary Powers","Mary Powers","Mary Powers/Andrew Martin/Elliot Executive/Sam Ennis","Andrew Martin","Andrew Martin","Referral","00E5w000004erLyEAI","Sales Consultants","true","Low","true","RVP West","AK",,"2018-08-27T07:00:00.000Z","West Sales","Sales Consultants 226","00E5w000004erLzEAI","2019_07","RVPWest","00E5w000004erLvEAI","https://samennis-20200526-demo--c.documentforce.com/profilephoto/7295w000000W2nF/T","Recreation","Corporate","mpowers1590550477739@demo.user","Sales Consultants","Mary Powers","WestSales",,0,3619000,102,0
"0015w00002DFNYRAA5","00E5w000004erLzEAI/00E5w000004erM0EAI/00E5w000004erLvEAI","0065w000022R237AAC","lionheart medical","https://samennis-20200526-demo--c.documentforce.com/profilephoto/7295w000000W2mR/F","Brandy Mullins",,"2020-05-27T03:51:40.000Z","Andrew Martin","0055w00000D4KBgAAN","Brandy Mullins","Brandy Mullins","Brandy Mullins/Andrew Martin/Elliot Executive/Sam Ennis","Andrew Martin","Andrew Martin","Data.com","00E5w000004erLyEAI","lionheart medical","true","Medium","true","RVP West","OR",,"2019-10-08T07:00:00.000Z","West Sales","lionheart medical 107","00E5w000004erLzEAI","2019_10","RVPWest","00E5w000004erLvEAI","https://samennis-20200526-demo--c.documentforce.com/profilephoto/7295w000000W2mR/T","Utilities","Corporate","bmullins1590550477755@demo.user","lionheart medical","Brandy Mullins","WestSales",,95.5058,5845000,15,96
"0015w00002DFOCaAAP","00E5w000004erLxEAI/00E5w000004erM0EAI/00E5w000004erLvEAI","0065w000022R2sqAAC","IMTS Silicon Motor Speedway","https://samennis-20200526-demo--c.documentforce.com/profilephoto/7295w000000W2nZ/F","Michelle Stanley",,"2020-05-27T03:56:17.000Z","Elliot Executive","0055w00000D4KBrAAN","Michelle Stanley","Michelle Stanley","Michelle Stanley/John Chen/Elliot Executive/Sam Ennis","Elliot Executive","John Chen","Social Media","00E5w000004erLwEAI","IMTS Silicon Motor Speedway","true","Low","true","RVP Central","MN",,"2018-05-29T07:00:00.000Z","Central Sales","IMTS Silicon Motor Speedway 191","00E5w000004erLxEAI","2019_10","RVPCentral","00E5w000004erLvEAI","https://samennis-20200526-demo--c.documentforce.com/profilephoto/7295w000000W2nZ/T","Banking","T100","mstanley1590550477825@demo.user","IMTS Silicon Motor Speedway","Michelle Stanley","CentralSales",,4.7547,3215159000,15614,5
"0015w00002DFNxvAAH","00E5w000004erLxEAI/00E5w000004erM0EAI/00E5w000004erLvEAI","0065w000022R2aUAAS","Pitney Bowes Distribution Ctr","https://samennis-20200526-demo--c.documentforce.com/profilephoto/7295w000000W2ne/F","Robin Montgomery",,"2020-05-27T03:54:24.000Z","Elliot Executive","0055w00000D4KBnAAN","Robin Montgomery","Robin Montgomery","Robin Montgomery/John Chen/Elliot Executive/Sam Ennis","Elliot Executive","John Chen","Marketing Event","00E5w000004erLwEAI","Pitney Bowes Distribution Ctr","true","High","true","RVP Central","IN",,"2019-02-18T08:00:00.000Z","Central Sales","Pitney Bowes Distribution Ctr 142","00E5w000004erLxEAI","2019_10","RVPCentral","00E5w000004erLvEAI","https://samennis-20200526-demo--c.documentforce.com/profilephoto/7295w000000W2ne/T","Chemicals","Corporate","rmontgom1590550477800@demo.user","Pitney Bowes Distribution Ctr","Robin Montgomery","CentralSales",,126.728,6858000,61166,127
"0015w00002DFNY1AAP","00E5w000004erLzEAI/00E5w000004erM0EAI/00E5w000004erLvEAI","0065w000022R22ZAAS","BlackBoard Connect","https://samennis-20200526-demo--c.documentforce.com/profilephoto/7295w000000W2nA/F","Kristen Miller",,"2020-05-27T03:51:40.000Z","Andrew Martin","0055w00000D4KBqAAN","Kristen Miller","Kristen Miller","Kristen Miller/Andrew Martin/Elliot Executive/Sam Ennis","Andrew Martin","Andrew Martin","Cold Call","00E5w000004erLyEAI","BlackBoard Connect","true","Low","true","RVP West","NV",,"2019-04-28T07:00:00.000Z","West Sales","BlackBoard Connect 39","00E5w000004erLzEAI","2019_10","RVPWest","00E5w000004erLvEAI","https://samennis-20200526-demo--c.documentforce.com/profilephoto/7295w000000W2nA/T","Manufacturing","Corporate","kmiller1590550477818@demo.user","BlackBoard Connect","Kristen Miller","WestSales",,10.5,4200000,75,11
"0015w00002DFNTJAA5","00E5w000004erLxEAI/00E5w000004erM0EAI/00E5w000004erLvEAI","0065w000022R1wGAAS","MeadWestvaco","https://samennis-20200526-demo--c.documentforce.com/profilephoto/7295w000000W2ne/F","Robin Montgomery",,"2020-05-27T03:50:14.000Z","Elliot Executive","0055w00000D4KBnAAN","Robin Montgomery","Robin Montgomery","Robin Montgomery/John Chen/Elliot Executive/Sam Ennis","Elliot Executive","John Chen","Social Media","00E5w000004erLwEAI","MeadWestvaco","true","Low","true","RVP Central","MO",,"2020-03-02T08:00:00.000Z","Central Sales","MeadWestvaco 127","00E5w000004erLxEAI","2019_10","RVPCentral","00E5w000004erLvEAI","https://samennis-20200526-demo--c.documentforce.com/profilephoto/7295w000000W2ne/T","Other","Corporate","rmontgom1590550477800@demo.user","MeadWestvaco","Robin Montgomery","CentralSales",,0,2923000,174,0
"0015w00002DFNL0AAP","00E5w000004erLxEAI/00E5w000004erM0EAI/00E5w000004erLvEAI","0065w000022R1kiAAC","ARI Network Services","https://samennis-20200526-demo--c.documentforce.com/profilephoto/7295w000000W2mW/F","Crystal Stevens",,"2020-05-27T03:49:40.000Z","Crystal Stevens","0055w00000D4KBsAAN","Crystal Stevens","Crystal Stevens","Crystal Stevens/John Chen/Elliot Executive/Sam Ennis","Crystal Stevens","John Chen","Social Media","00E5w000004erLwEAI","ARI Network Services","true","High","true","RVP Central","KS",,"2018-08-04T07:00:00.000Z","Central Sales","ARI Network Services 243","00E5w000004erLxEAI","2019_10","RVPCentral","00E5w000004erLvEAI","https://samennis-20200526-demo--c.documentforce.com/profilephoto/7295w000000W2mW/T","Retail","Corporate","cstevens1590550477831@demo.user","ARI Network Services","Crystal Stevens","CentralSales",,238,8851000,43,238
"0015w00002DFNjeAAH","00E5w000004erLxEAI/00E5w000004erM0EAI/00E5w000004erLvEAI","0065w000022R2H9AAK","Intelsat Corporation","https://samennis-20200526-demo--c.documentforce.com/profilephoto/7295w000000W2nZ/F","Michelle Stanley",,"2020-05-27T03:52:30.000Z","Elliot Executive","0055w00000D4KBrAAN","Michelle Stanley","Michelle Stanley","Michelle Stanley/John Chen/Elliot Executive/Sam Ennis","Elliot Executive","John Chen","Marketing Event","00E5w000004erLwEAI","Intelsat Corporation","true","High","true","RVP Central","LA",,"2019-05-26T07:00:00.000Z","Central Sales","Intelsat Corporation 11","00E5w000004erLxEAI","2019_07","RVPCentral","00E5w000004erLvEAI","https://samennis-20200526-demo--c.documentforce.com/profilephoto/7295w000000W2nZ/T","Education","Corporate","mstanley1590550477825@demo.user","Intelsat Corporation","Michelle Stanley","CentralSales",,285.692,8056000,178,286
"0015w00002DFNxFAAX","00E5w000004erLzEAI/00E5w000004erM0EAI/00E5w000004erLvEAI","0065w000022R2ZYAA0","Palaver Communications","https://samennis-20200526-demo--c.documentforce.com/profilephoto/7295w000000W2nF/F","Mary Powers",,"2020-05-27T03:54:24.000Z","Andrew Martin","0055w00000D4KBeAAN","Mary Powers","Mary Powers","Mary Powers/Andrew Martin/Elliot Executive/Sam Ennis","Andrew Martin","Andrew Martin","Marketing Event","00E5w000004erLyEAI","Palaver Communications","true","Low","true","RVP West","UT",,"2018-10-29T07:00:00.000Z","West Sales","Palaver Communications 56","00E5w000004erLzEAI","2019_07","RVPWest","00E5w000004erLvEAI","https://samennis-20200526-demo--c.documentforce.com/profilephoto/7295w000000W2nF/T","Manufacturing","Corporate","mpowers1590550477739@demo.user","Palaver Communications","Mary Powers","WestSales",,2.1078,7054000,22491,2
"0015w00002DFNV3AAP","00E5w000004erLxEAI/00E5w000004erM0EAI/00E5w000004erLvEAI","0065w000022R1yZAAS","Towers Perrin Forester & Crosby","https://samennis-20200526-demo--c.documentforce.com/profilephoto/7295w000000W2mW/F","Crystal Stevens",,"2020-05-27T03:51:31.000Z","Crystal Stevens","0055w00000D4KBsAAN","Crystal Stevens","Crystal Stevens","Crystal Stevens/John Chen/Elliot Executive/Sam Ennis","Crystal Stevens","John Chen","Partner","00E5w000004erLwEAI","Towers Perrin Forester & Crosby","true","Low","true","RVP Central","NE",,"2019-04-09T07:00:00.000Z","Central Sales","Towers Perrin Forester & Crosby 123","00E5w000004erLxEAI","2019_07","RVPCentral","00E5w000004erLvEAI","https://samennis-20200526-demo--c.documentforce.com/profilephoto/7295w000000W2mW/T","Recreation","Corporate","cstevens1590550477831@demo.user","Towers Perrin Forester & Crosby","Crystal Stevens","CentralSales",,24.5,4307000,103,25
"0015w00002DFO1RAAX","00E5w000004erM7EAI/00E5w000004erM0EAI/00E5w000004erLvEAI","0065w000022R2eNAAS","General Casualty Co","https://samennis-20200526-demo--c.documentforce.com/profilephoto/7295w000000W2mg/F","Kaitlyn Guerrero",,"2020-05-27T03:54:34.000Z","Edwin Tucker","0055w00000D4KBkAAN","Kaitlyn Guerrero","Kaitlyn Guerrero","Kaitlyn Guerrero/Edwin Tucker/Elliot Executive/Sam Ennis","Edwin Tucker","Edwin Tucker","Marketing Event","00E5w000004erM5EAI","General Casualty Co","true","Low","true","RVP East","NC",,"2020-04-30T07:00:00.000Z","East Sales","General Casualty Co 193","00E5w000004erM7EAI","2019_07","RVPEast","00E5w000004erLvEAI","https://samennis-20200526-demo--c.documentforce.com/profilephoto/7295w000000W2mg/T","Manufacturing","SMB","kguerrer1590550477782@demo.user","General Casualty Co","Kaitlyn Guerrero","EastSales",,0.7778,29123000,572,1
"0015w00002DFNM0AAP","00E5w000004erLzEAI/00E5w000004erM0EAI/00E5w000004erLvEAI","0065w000022R1m3AAC","adeptive.com","https://samennis-20200526-demo--c.documentforce.com/profilephoto/7295w000000W2nF/F","Mary Powers",,"2020-05-27T03:49:40.000Z","Andrew Martin","0055w00000D4KBeAAN","Mary Powers","Mary Powers","Mary Powers/Andrew Martin/Elliot Executive/Sam Ennis","Andrew Martin","Andrew Martin","Community","00E5w000004erLyEAI","adeptive.com","true","Low","true","RVP West","WA",,"2018-08-03T07:00:00.000Z","West Sales","adeptive.com 123","00E5w000004erLzEAI","2019_08","RVPWest","00E5w000004erLvEAI","https://samennis-20200526-demo--c.documentforce.com/profilephoto/7295w000000W2nF/T","Shipping","Corporate","mpowers1590550477739@demo.user","adeptive.com","Mary Powers","WestSales",,3.9375,9093000,176,4
"0015w00002DFNCwAAP","00E5w000004erLzEAI/00E5w000004erM0EAI/00E5w000004erLvEAI","0065w000022R1ZTAA0","Cipient Networks Inc","https://samennis-20200526-demo--c.documentforce.com/profilephoto/7295w000000W2nF/F","Mary Powers",,"2020-05-27T03:49:09.000Z","Andrew Martin","0055w00000D4KBeAAN","Mary Powers","Mary Powers","Mary Powers/Andrew Martin/Elliot Executive/Sam Ennis","Andrew Martin","Andrew Martin","Partner","00E5w000004erLyEAI","Cipient Networks Inc","true","High","true","RVP West","WA",,"2019-08-14T07:00:00.000Z","West Sales","Cipient Networks Inc 16","00E5w000004erLzEAI","2019_08","RVPWest","00E5w000004erLvEAI","https://samennis-20200526-demo--c.documentforce.com/profilephoto/7295w000000W2nF/T","Engineering","Corporate","mpowers1590550477739@demo.user","Cipient Networks Inc","Mary Powers","WestSales",,249.2,7269000,245,249
"0015w00002DFNxvAAH","00E5w000004erLxEAI/00E5w000004erM0EAI/00E5w000004erLvEAI","0065w000022R2aUAAS","Pitney Bowes Distribution Ctr","https://samennis-20200526-demo--c.documentforce.com/profilephoto/7295w000000W2ne/F","Robin Montgomery",,"2020-05-27T03:54:24.000Z","Elliot Executive","0055w00000D4KBnAAN","Robin Montgomery","Robin Montgomery","Robin Montgomery/John Chen/Elliot Executive/Sam Ennis","Elliot Executive","John Chen","Marketing Event","00E5w000004erLwEAI","Pitney Bowes Distribution Ctr","true","Medium","true","RVP Central","IN",,"2019-02-18T08:00:00.000Z","Central Sales","Pitney Bowes Distribution Ctr 142","00E5w000004erLxEAI","2019_08","RVPCentral","00E5w000004erLvEAI","https://samennis-20200526-demo--c.documentforce.com/profilephoto/7295w000000W2ne/T","Chemicals","Corporate","rmontgom1590550477800@demo.user","Pitney Bowes Distribution Ctr","Robin Montgomery","CentralSales",,86.625,6858000,61166,87
"0015w00002DFNOsAAP","00E5w000004erLzEAI/00E5w000004erM0EAI/00E5w000004erLvEAI","0065w000022R1qGAAS","MK Incorporated","https://samennis-20200526-demo--c.documentforce.com/profilephoto/7295w000000W2nF/F","Mary Powers",,"2020-05-27T03:49:58.000Z","Andrew Martin","0055w00000D4KBeAAN","Mary Powers","Mary Powers","Mary Powers/Andrew Martin/Elliot Executive/Sam Ennis","Andrew Martin","Andrew Martin","Inbound Call","00E5w000004erLyEAI","MK Incorporated","true","High","true","RVP West","WY",,"2018-08-02T07:00:00.000Z","West Sales","MK Incorporated 248","00E5w000004erLzEAI","2019_08","RVPWest","00E5w000004erLvEAI","https://samennis-20200526-demo--c.documentforce.com/profilephoto/7295w000000W2nF/T","Electronics","Corporate","mpowers1590550477739@demo.user","MK Incorporated","Mary Powers","WestSales",,127.8667,9588000,209,128
"0015w00002DFNXLAA5","00E5w000004erLzEAI/00E5w000004erM0EAI/00E5w000004erLvEAI","0065w000022R21cAAC","Airspeak Inc","https://samennis-20200526-demo--c.documentforce.com/profilephoto/7295w000000W2mR/F","Brandy Mullins",,"2020-05-27T03:51:40.000Z","Andrew Martin","0055w00000D4KBgAAN","Brandy Mullins","Brandy Mullins","Brandy Mullins/Andrew Martin/Elliot Executive/Sam Ennis","Andrew Martin","Andrew Martin","Data.com","00E5w000004erLyEAI","Airspeak Inc","true","High","true","RVP West","CA",,"2019-01-03T08:00:00.000Z","West Sales","Airspeak Inc 170","00E5w000004erLzEAI","2019_08","RVPWest","00E5w000004erLvEAI","https://samennis-20200526-demo--c.documentforce.com/profilephoto/7295w000000W2mR/T","Healthcare & Life Sciences","Corporate","bmullins1590550477755@demo.user","Airspeak Inc","Brandy Mullins","WestSales",,697.4872,6788000,144,697
"0015w00002DFNY1AAP","00E5w000004erLzEAI/00E5w000004erM0EAI/00E5w000004erLvEAI","0065w000022R22ZAAS","BlackBoard Connect","https://samennis-20200526-demo--c.documentforce.com/profilephoto/7295w000000W2nA/F","Kristen Miller",,"2020-05-27T03:51:40.000Z","Andrew Martin","0055w00000D4KBqAAN","Kristen Miller","Kristen Miller","Kristen Miller/Andrew Martin/Elliot Executive/Sam Ennis","Andrew Martin","Andrew Martin","Cold Call","00E5w000004erLyEAI","BlackBoard Connect","true","Low","true","RVP West","NV",,"2019-04-28T07:00:00.000Z","West Sales","BlackBoard Connect 39","00E5w000004erLzEAI","2019_08","RVPWest","00E5w000004erLvEAI","https://samennis-20200526-demo--c.documentforce.com/profilephoto/7295w000000W2nA/T","Manufacturing","Corporate","kmiller1590550477818@demo.user","BlackBoard Connect","Kristen Miller","WestSales",,0,4200000,75,0
"0015w00002DFNtUAAX","00E5w000004erLxEAI/00E5w000004erM0EAI/00E5w000004erLvEAI","0065w000022R2UKAA0","Network Co.","https://samennis-20200526-demo--c.documentforce.com/profilephoto/7295w000000W2nU/F","Rebecca Gonzalez",,"2020-05-27T03:54:04.000Z","Elliot Executive","0055w00000D4KBtAAN","Rebecca Gonzalez","Rebecca Gonzalez","Rebecca Gonzalez/John Chen/Elliot Executive/Sam Ennis","Elliot Executive","John Chen","Inbound Call","00E5w000004erLwEAI","Network Co.","true","Low","true","RVP Central","IA",,"2018-10-21T07:00:00.000Z","Central Sales","Network Co. 198","00E5w000004erLxEAI","2019_08","RVPCentral","00E5w000004erLvEAI","https://samennis-20200526-demo--c.documentforce.com/profilephoto/7295w000000W2nU/T","Financial Services","Corporate","rgonzale1590550477838@demo.user","Network Co.","Rebecca Gonzalez","CentralSales",,0,5457000,236,0
"0015w00002DFO3ZAAX","00E5w000004erLzEAI/00E5w000004erM0EAI/00E5w000004erLvEAI","0065w000022R2h8AAC","Newmarket International","https://samennis-20200526-demo--c.documentforce.com/profilephoto/7295w000000W2nK/F","Amanda Hernandez",,"2020-05-27T03:54:42.000Z","Amanda Hernandez","0055w00000D4KBfAAN","Amanda Hernandez","Amanda Hernandez","Amanda Hernandez/Andrew Martin/Elliot Executive/Sam Ennis","Amanda Hernandez","Andrew Martin","Cold Call","00E5w000004erLyEAI","Newmarket International","true","Low","true","RVP West","MT",,"2020-03-05T08:00:00.000Z","West Sales","Newmarket International 19","00E5w000004erLzEAI","2019_08","RVPWest","00E5w000004erLvEAI","https://samennis-20200526-demo--c.documentforce.com/profilephoto/7295w000000W2nK/T","Entertainment","Mid-Market","ahernand1590550477747@demo.user","Newmarket International","Amanda Hernandez","WestSales",,14,393882000,901,14
"0015w00002DFNSlAAP","00E5w000004erLzEAI/00E5w000004erM0EAI/00E5w000004erLvEAI","0065w000022R1vbAAC","Individual Software","https://samennis-20200526-demo--c.documentforce.com/profilephoto/7295w000000W2mR/F","Brandy Mullins",,"2020-05-27T03:50:08.000Z","Andrew Martin","0055w00000D4KBgAAN","Brandy Mullins","Brandy Mullins","Brandy Mullins/Andrew Martin/Elliot Executive/Sam Ennis","Andrew Martin","Andrew Martin","Social Media","00E5w000004erLyEAI","Individual Software","true","Low","true","RVP West","WA",,"2018-12-01T08:00:00.000Z","West Sales","Individual Software 10","00E5w000004erLzEAI","2019_08","RVPWest","00E5w000004erLvEAI","https://samennis-20200526-demo--c.documentforce.com/profilephoto/7295w000000W2mR/T","Government","Corporate","bmullins1590550477755@demo.user","Individual Software","Brandy Mullins","WestSales",,0,9436000,126,0
"0015w00002DFO1RAAX","00E5w000004erM7EAI/00E5w000004erM0EAI/00E5w000004erLvEAI","0065w000022R2eNAAS","General Casualty Co","https://samennis-20200526-demo--c.documentforce.com/profilephoto/7295w000000W2mg/F","Kaitlyn Guerrero",,"2020-05-27T03:54:34.000Z","Edwin Tucker","0055w00000D4KBkAAN","Kaitlyn Guerrero","Kaitlyn Guerrero","Kaitlyn Guerrero/Edwin Tucker/Elliot Executive/Sam Ennis","Edwin Tucker","Edwin Tucker","Marketing Event","00E5w000004erM5EAI","General Casualty Co","true","Low","true","RVP East","NC",,"2020-04-30T07:00:00.000Z","East Sales","General Casualty Co 193","00E5w000004erM7EAI","2019_08","RVPEast","00E5w000004erLvEAI","https://samennis-20200526-demo--c.documentforce.com/profilephoto/7295w000000W2mg/T","Manufacturing","SMB","kguerrer1590550477782@demo.user","General Casualty Co","Kaitlyn Guerrero","EastSales",,1.3611,29123000,572,1
"0015w00002DFO5FAAX","00E5w000004erLxEAI/00E5w000004erM0EAI/00E5w000004erLvEAI","0065w000022R2jNAAS","SendOrder.com","https://samennis-20200526-demo--c.documentforce.com/profilephoto/7295w000000W2nZ/F","Michelle Stanley",,"2020-05-27T03:54:48.000Z","Elliot Executive","0055w00000D4KBrAAN","Michelle Stanley","Michelle Stanley","Michelle Stanley/John Chen/Elliot Executive/Sam Ennis","Elliot Executive","John Chen","Marketing Event","00E5w000004erLwEAI","SendOrder.com","true","Low","true","RVP Central","LA",,"2019-09-25T07:00:00.000Z","Central Sales","SendOrder.com 251","00E5w000004erLxEAI","2019_08","RVPCentral","00E5w000004erLvEAI","https://samennis-20200526-demo--c.documentforce.com/profilephoto/7295w000000W2nZ/T","Retail","Mid-Market","mstanley1590550477825@demo.user","SendOrder.com","Michelle Stanley","CentralSales",,7,417182000,3118,7
"0015w00002DFOANAA5","00E5w000004erLzEAI/00E5w000004erM0EAI/00E5w000004erLvEAI","0065w000022R2pzAAC","First Fleet Corp","https://samennis-20200526-demo--c.documentforce.com/profilephoto/7295w000000W2nK/F","Amanda Hernandez",,"2020-05-27T03:56:04.000Z","Amanda Hernandez","0055w00000D4KBfAAN","Amanda Hernandez","Amanda Hernandez","Amanda Hernandez/Andrew Martin/Elliot Executive/Sam Ennis","Amanda Hernandez","Andrew Martin","Inbound Call","00E5w000004erLyEAI","First Fleet Corp","true","Low","true","RVP West","CA",,"2018-11-15T08:00:00.000Z","West Sales","First Fleet Corp 25","00E5w000004erLzEAI","2019_08","RVPWest","00E5w000004erLvEAI","https://samennis-20200526-demo--c.documentforce.com/profilephoto/7295w000000W2nK/T","Entertainment","T100","ahernand1590550477747@demo.user","First Fleet Corp","Amanda Hernandez","WestSales",,0,4842897000,1,0
"0015w00002DFNjyAAH","00E5w000004erM7EAI/00E5w000004erM0EAI/00E5w000004erLvEAI","0065w000022R2HcAAK","Raytheon Financial Services","https://samennis-20200526-demo--c.documentforce.com/profilephoto/7295w000000W2ml/F","Craig Arnold",,"2020-05-27T03:52:30.000Z","Craig Arnold","0055w00000D4KBjAAN","Craig Arnold","Craig Arnold","Craig Arnold/Edwin Tucker/Elliot Executive/Sam Ennis","Craig Arnold","Edwin Tucker","Partner","00E5w000004erM5EAI","Raytheon Financial Services","true","Low","true","RVP East","NH",,"2020-02-04T08:00:00.000Z","East Sales","Raytheon Financial Services 151","00E5w000004erM7EAI","2019_08","RVPEast","00E5w000004erLvEAI","https://samennis-20200526-demo--c.documentforce.com/profilephoto/7295w000000W2ml/T","Healthcare & Life Sciences","Corporate","carnold1590550477775@demo.user","Raytheon Financial Services","Craig Arnold","EastSales",,0,2096000,244,0
"0015w00002DFNyEAAX","00E5w000004erLzEAI/00E5w000004erM0EAI/00E5w000004erLvEAI","0065w000022R2asAAC","Intersolutions Inc","https://samennis-20200526-demo--c.documentforce.com/profilephoto/7295w000000W2mR/F","Brandy Mullins",,"2020-05-27T03:54:24.000Z","Andrew Martin","0055w00000D4KBgAAN","Brandy Mullins","Brandy Mullins","Brandy Mullins/Andrew Martin/Elliot Executive/Sam Ennis","Andrew Martin","Andrew Martin","Data.com","00E5w000004erLyEAI","Intersolutions Inc","true","Low","true","RVP West","AK",,"2019-04-07T07:00:00.000Z","West Sales","Intersolutions Inc 40","00E5w000004erLzEAI","2019_09","RVPWest","00E5w000004erLvEAI","https://samennis-20200526-demo--c.documentforce.com/profilephoto/7295w000000W2mR/T","Government","Corporate","bmullins1590550477755@demo.user","Intersolutions Inc","Brandy Mullins","WestSales",,9.9167,9099000,41702,10
"0015w00002DFNxFAAX","00E5w000004erLzEAI/00E5w000004erM0EAI/00E5w000004erLvEAI","0065w000022R2ZYAA0","Palaver Communications","https://samennis-20200526-demo--c.documentforce.com/profilephoto/7295w000000W2nF/F","Mary Powers",,"2020-05-27T03:54:24.000Z","Andrew Martin","0055w00000D4KBeAAN","Mary Powers","Mary Powers","Mary Powers/Andrew Martin/Elliot Executive/Sam Ennis","Andrew Martin","Andrew Martin","Marketing Event","00E5w000004erLyEAI","Palaver Communications","true","Low","true","RVP West","UT",,"2018-10-29T07:00:00.000Z","West Sales","Palaver Communications 56","00E5w000004erLzEAI","2019_09","RVPWest","00E5w000004erLvEAI","https://samennis-20200526-demo--c.documentforce.com/profilephoto/7295w000000W2nF/T","Manufacturing","Corporate","mpowers1590550477739@demo.user","Palaver Communications","Mary Powers","WestSales",,1.2365,7054000,22491,1
"0015w00002DFNZQAA5","00E5w000004erM7EAI/00E5w000004erM0EAI/00E5w000004erLvEAI","0065w000022R24MAAS","InterAmerica Technologies","https://samennis-20200526-demo--c.documentforce.com/profilephoto/7295w000000W2mq/F","Alexander Cruz",,"2020-05-27T03:51:50.000Z","Alexander Cruz","0055w00000D4KBdAAN","Alexander Cruz","Alexander Cruz","Alexander Cruz/Edwin Tucker/Elliot Executive/Sam Ennis","Alexander Cruz","Edwin Tucker","Website","00E5w000004erM5EAI","InterAmerica Technologies","true","Medium","true","RVP East","MA",,"2020-05-11T07:00:00.000Z","East Sales","InterAmerica Technologies 111","00E5w000004erM7EAI","2019_09","RVPEast","00E5w000004erLvEAI","https://samennis-20200526-demo--c.documentforce.com/profilephoto/7295w000000W2mq/T","Engineering","Corporate","acruz1590550477724@demo.user","InterAmerica Technologies","Alexander Cruz","EastSales",,72.9286,4035000,86,73
"0015w00002DFNJEAA5","00E5w000004erLzEAI/00E5w000004erM0EAI/00E5w000004erLvEAI","0065w000022R1iCAAS","WCOIL   Ltd","https://samennis-20200526-demo--c.documentforce.com/profilephoto/7295w000000W2nK/F","Amanda Hernandez",,"2020-05-27T03:49:30.000Z","Amanda Hernandez","0055w00000D4KBfAAN","Amanda Hernandez","Amanda Hernandez","Amanda Hernandez/Andrew Martin/Elliot Executive/Sam Ennis","Amanda Hernandez","Andrew Martin","Inbound Call","00E5w000004erLyEAI","WCOIL   Ltd","true","Medium","true","RVP West","WA",,"2020-01-31T08:00:00.000Z","West Sales","WCOIL   Ltd 148","00E5w000004erLzEAI","2019_09","RVPWest","00E5w000004erLvEAI","https://samennis-20200526-demo--c.documentforce.com/profilephoto/7295w000000W2nK/T","Chemicals","Corporate","ahernand1590550477747@demo.user","WCOIL   Ltd","Amanda Hernandez","WestSales",,79.2856,2181000,159,79
"0015w00002DFNVoAAP","00E5w000004erLzEAI/00E5w000004erM0EAI/00E5w000004erLvEAI","0065w000022R1zaAAC","Torto Wheaton Research","https://samennis-20200526-demo--c.documentforce.com/profilephoto/7295w000000W2nK/F","Amanda Hernandez",,"2020-05-27T03:51:31.000Z","Amanda Hernandez","0055w00000D4KBfAAN","Amanda Hernandez","Amanda Hernandez","Amanda Hernandez/Andrew Martin/Elliot Executive/Sam Ennis","Amanda Hernandez","Andrew Martin","Community","00E5w000004erLyEAI","Torto Wheaton Research","true","Low","true","RVP West","UT",,"2019-05-29T07:00:00.000Z","West Sales","Torto Wheaton Research 34","00E5w000004erLzEAI","2019_09","RVPWest","00E5w000004erLvEAI","https://samennis-20200526-demo--c.documentforce.com/profilephoto/7295w000000W2nK/T","Telecommunications","Corporate","ahernand1590550477747@demo.user","Torto Wheaton Research","Amanda Hernandez","WestSales",,22.75,7306000,75,23
"0015w00002DFNizAAH","00E5w000004erLxEAI/00E5w000004erM0EAI/00E5w000004erLvEAI","0065w000022R2GFAA0","Calance","https://samennis-20200526-demo--c.documentforce.com/profilephoto/7295w000000W2ne/F","Robin Montgomery",,"2020-05-27T03:52:21.000Z","Elliot Executive","0055w00000D4KBnAAN","Robin Montgomery","Robin Montgomery","Robin Montgomery/John Chen/Elliot Executive/Sam Ennis","Elliot Executive","John Chen","Community","00E5w000004erLwEAI","Calance","true","Low","true","RVP Central","TX",,"2018-07-05T07:00:00.000Z","Central Sales","Calance 28","00E5w000004erLxEAI","2019_09","RVPCentral","00E5w000004erLvEAI","https://samennis-20200526-demo--c.documentforce.com/profilephoto/7295w000000W2ne/T","Utilities","Corporate","rmontgom1590550477800@demo.user","Calance","Robin Montgomery","CentralSales",,0,3046000,241,0
"0015w00002DFO7xAAH","00E5w000004erLxEAI/00E5w000004erM0EAI/00E5w000004erLvEAI","0065w000022R2mzAAC","John Q. Hammons Hotels","https://samennis-20200526-demo--c.documentforce.com/profilephoto/7295w000000W2mW/F","Crystal Stevens",,"2020-05-27T03:55:53.000Z","Crystal Stevens","0055w00000D4KBsAAN","Crystal Stevens","Crystal Stevens","Crystal Stevens/John Chen/Elliot Executive/Sam Ennis","Crystal Stevens","John Chen","Community","00E5w000004erLwEAI","John Q. Hammons Hotels","true","Low","true","RVP Central","NY",,"2020-02-19T08:00:00.000Z","Central Sales","John Q. Hammons Hotels 236","00E5w000004erLxEAI","2019_09","RVPCentral","00E5w000004erLvEAI","https://samennis-20200526-demo--c.documentforce.com/profilephoto/7295w000000W2mW/T","Machinery","Enterprise","cstevens1590550477831@demo.user","John Q. Hammons Hotels","Crystal Stevens","CentralSales",,0.3182,1848259000,3821,0
"0015w00002DFNTeAAP","00E5w000004erLzEAI/00E5w000004erM0EAI/00E5w000004erLvEAI","0065w000022R1wjAAC","Kenwal Steel Corp.","https://samennis-20200526-demo--c.documentforce.com/profilephoto/7295w000000W2nB/F","Meagan Blevins",,"2020-05-27T03:50:14.000Z","Andrew Martin","0055w00000D4KBhAAN","Meagan Blevins","Meagan Blevins","Meagan Blevins/Andrew Martin/Elliot Executive/Sam Ennis","Andrew Martin","Andrew Martin","Social Media","00E5w000004erLyEAI","Kenwal Steel Corp.","true","Low","true","RVP West","WA",,"2019-06-27T07:00:00.000Z","West Sales","Kenwal Steel Corp. 254","00E5w000004erLzEAI","2019_09","RVPWest","00E5w000004erLvEAI","https://samennis-20200526-demo--c.documentforce.com/profilephoto/7295w000000W2nB/T","Consulting","Corporate","mblevins1590550477762@demo.user","Kenwal Steel Corp.","Meagan Blevins","WestSales",,7,4606000,173,7
"0015w00002DFNHlAAP","00E5w000004erLxEAI/00E5w000004erM0EAI/00E5w000004erLvEAI","0065w000022R1gCAAS","In2Change Inc","https://samennis-20200526-demo--c.documentforce.com/profilephoto/7295w000000W2mb/F","Theresa Jones",,"2020-05-27T03:49:30.000Z","Elliot Executive","0055w00000D4KBoAAN","Theresa Jones","Theresa Jones","Theresa Jones/John Chen/Elliot Executive/Sam Ennis","Elliot Executive","John Chen","Cold Call","00E5w000004erLwEAI","In2Change Inc","true","Low","true","RVP Central","IN",,"2019-08-25T07:00:00.000Z","Central Sales","In2Change Inc 153","00E5w000004erLxEAI","2019_09","RVPCentral","00E5w000004erLvEAI","https://samennis-20200526-demo--c.documentforce.com/profilephoto/7295w000000W2mb/T","Technology","Corporate","tjones1590550477806@demo.user","In2Change Inc","Theresa Jones","CentralSales",,0,5333000,216,0
"0015w00002DFNEVAA5","00E5w000004erLzEAI/00E5w000004erM0EAI/00E5w000004erLvEAI","0065w000022R1bbAAC","Kjr 950 Am","https://samennis-20200526-demo--c.documentforce.com/profilephoto/7295w000000W2nF/F","Mary Powers",,"2020-05-27T03:49:09.000Z","Andrew Martin","0055w00000D4KBeAAN","Mary Powers","Mary Powers","Mary Powers/Andrew Martin/Elliot Executive/Sam Ennis","Andrew Martin","Andrew Martin","Social Media","00E5w000004erLyEAI","Kjr 950 Am","true","Medium","true","RVP West","WA",,"2018-08-12T07:00:00.000Z","West Sales","Kjr 950 Am 121","00E5w000004erLzEAI","2019_11","RVPWest","00E5w000004erLvEAI","https://samennis-20200526-demo--c.documentforce.com/profilephoto/7295w000000W2nF/T","Energy","Corporate","mpowers1590550477739@demo.user","Kjr 950 Am","Mary Powers","WestSales",,51.1146,4728000,130,51
"0015w00002DFNVJAA5","00E5w000004erLxEAI/00E5w000004erM0EAI/00E5w000004erLvEAI","0065w000022R1ywAAC","Acutherm","https://samennis-20200526-demo--c.documentforce.com/profilephoto/7295w000000W2mW/F","Crystal Stevens",,"2020-05-27T03:51:31.000Z","Crystal Stevens","0055w00000D4KBsAAN","Crystal Stevens","Crystal Stevens","Crystal Stevens/John Chen/Elliot Executive/Sam Ennis","Crystal Stevens","John Chen","Referral","00E5w000004erLwEAI","Acutherm","true","High","true","RVP Central","IL",,"2019-11-17T08:00:00.000Z","Central Sales","Acutherm 197","00E5w000004erLxEAI","2019_11","RVPCentral","00E5w000004erLvEAI","https://samennis-20200526-demo--c.documentforce.com/profilephoto/7295w000000W2mW/T","Banking","Corporate","cstevens1590550477831@demo.user","Acutherm","Crystal Stevens","CentralSales",,101.8181,7625000,68,102
"0015w00002DFNQpAAP","00E5w000004erLxEAI/00E5w000004erM0EAI/00E5w000004erLvEAI","0065w000022R1t1AAC","Tech Talent","https://samennis-20200526-demo--c.documentforce.com/profilephoto/7295w000000W2nZ/F","Michelle Stanley",,"2020-05-27T03:50:08.000Z","Elliot Executive","0055w00000D4KBrAAN","Michelle Stanley","Michelle Stanley","Michelle Stanley/John Chen/Elliot Executive/Sam Ennis","Elliot Executive","John Chen","Marketing Event","00E5w000004erLwEAI","Tech Talent","true","Low","true","RVP Central","MO",,"2019-03-18T07:00:00.000Z","Central Sales","Tech Talent 195","00E5w000004erLxEAI","2019_11","RVPCentral","00E5w000004erLvEAI","https://samennis-20200526-demo--c.documentforce.com/profilephoto/7295w000000W2nZ/T","Financial Services","Corporate","mstanley1590550477825@demo.user","Tech Talent","Michelle Stanley","CentralSales",,30,2587000,23,30
"0015w00002DFO9uAAH","00E5w000004erLxEAI/00E5w000004erM0EAI/00E5w000004erLvEAI","0065w000022R2pOAAS","Johns-Byrne Company","https://samennis-20200526-demo--c.documentforce.com/profilephoto/7295w000000W2mW/F","Crystal Stevens",,"2020-05-27T03:56:04.000Z","Crystal Stevens","0055w00000D4KBsAAN","Crystal Stevens","Crystal Stevens","Crystal Stevens/John Chen/Elliot Executive/Sam Ennis","Crystal Stevens","John Chen","Partner","00E5w000004erLwEAI","Johns-Byrne Company","true","Low","true","RVP Central","NJ",,"2019-03-04T08:00:00.000Z","Central Sales","Johns-Byrne Company 20","00E5w000004erLxEAI","2019_11","RVPCentral","00E5w000004erLvEAI","https://samennis-20200526-demo--c.documentforce.com/profilephoto/7295w000000W2mW/T","Healthcare & Life Sciences","Enterprise","cstevens1590550477831@demo.user","Johns-Byrne Company","Crystal Stevens","CentralSales",,0,1692396000,90653,0
"0015w00002DFNY1AAP","00E5w000004erLzEAI/00E5w000004erM0EAI/00E5w000004erLvEAI","0065w000022R22ZAAS","BlackBoard Connect","https://samennis-20200526-demo--c.documentforce.com/profilephoto/7295w000000W2nA/F","Kristen Miller",,"2020-05-27T03:51:40.000Z","Andrew Martin","0055w00000D4KBqAAN","Kristen Miller","Kristen Miller","Kristen Miller/Andrew Martin/Elliot Executive/Sam Ennis","Andrew Martin","Andrew Martin","Cold Call","00E5w000004erLyEAI","BlackBoard Connect","true","Low","true","RVP West","NV",,"2019-04-28T07:00:00.000Z","West Sales","BlackBoard Connect 39","00E5w000004erLzEAI","2019_11","RVPWest","00E5w000004erLvEAI","https://samennis-20200526-demo--c.documentforce.com/profilephoto/7295w000000W2nA/T","Manufacturing","Corporate","kmiller1590550477818@demo.user","BlackBoard Connect","Kristen Miller","WestSales",,14,4200000,75,14
"0015w00002DFO7xAAH","00E5w000004erLxEAI/00E5w000004erM0EAI/00E5w000004erLvEAI","0065w000022R2mzAAC","John Q. Hammons Hotels","https://samennis-20200526-demo--c.documentforce.com/profilephoto/7295w000000W2mW/F","Crystal Stevens",,"2020-05-27T03:55:53.000Z","Crystal Stevens","0055w00000D4KBsAAN","Crystal Stevens","Crystal Stevens","Crystal Stevens/John Chen/Elliot Executive/Sam Ennis","Crystal Stevens","John Chen","Community","00E5w000004erLwEAI","John Q. Hammons Hotels","true","Low","true","RVP Central","NY",,"2020-02-19T08:00:00.000Z","Central Sales","John Q. Hammons Hotels 236","00E5w000004erLxEAI","2019_11","RVPCentral","00E5w000004erLvEAI","https://samennis-20200526-demo--c.documentforce.com/profilephoto/7295w000000W2mW/T","Machinery","Enterprise","cstevens1590550477831@demo.user","John Q. Hammons Hotels","Crystal Stevens","CentralSales",,0,1848259000,3821,0
"0015w00002DFO1RAAX","00E5w000004erM7EAI/00E5w000004erM0EAI/00E5w000004erLvEAI","0065w000022R2eNAAS","General Casualty Co","https://samennis-20200526-demo--c.documentforce.com/profilephoto/7295w000000W2mg/F","Kaitlyn Guerrero",,"2020-05-27T03:54:34.000Z","Edwin Tucker","0055w00000D4KBkAAN","Kaitlyn Guerrero","Kaitlyn Guerrero","Kaitlyn Guerrero/Edwin Tucker/Elliot Executive/Sam Ennis","Edwin Tucker","Edwin Tucker","Marketing Event","00E5w000004erM5EAI","General Casualty Co","true","Low","true","RVP East","NC",,"2020-04-30T07:00:00.000Z","East Sales","General Casualty Co 193","00E5w000004erM7EAI","2019_11","RVPEast","00E5w000004erLvEAI","https://samennis-20200526-demo--c.documentforce.com/profilephoto/7295w000000W2mg/T","Manufacturing","SMB","kguerrer1590550477782@demo.user","General Casualty Co","Kaitlyn Guerrero","EastSales",,0.4118,29123000,572,0
"0015w00002DFNHlAAP","00E5w000004erLxEAI/00E5w000004erM0EAI/00E5w000004erLvEAI","0065w000022R1gCAAS","In2Change Inc","https://samennis-20200526-demo--c.documentforce.com/profilephoto/7295w000000W2mb/F","Theresa Jones",,"2020-05-27T03:49:30.000Z","Elliot Executive","0055w00000D4KBoAAN","Theresa Jones","Theresa Jones","Theresa Jones/John Chen/Elliot Executive/Sam Ennis","Elliot Executive","John Chen","Cold Call","00E5w000004erLwEAI","In2Change Inc","true","Low","true","RVP Central","IN",,"2019-08-25T07:00:00.000Z","Central Sales","In2Change Inc 153","00E5w000004erLxEAI","2019_11","RVPCentral","00E5w000004erLvEAI","https://samennis-20200526-demo--c.documentforce.com/profilephoto/7295w000000W2mb/T","Technology","Corporate","tjones1590550477806@demo.user","In2Change Inc","Theresa Jones","CentralSales",,0,5333000,216,0
"0015w00002DFNdvAAH","00E5w000004erLxEAI/00E5w000004erM0EAI/00E5w000004erLvEAI","0065w000022R29xAAC","eStudio","https://samennis-20200526-demo--c.documentforce.com/profilephoto/7295w000000W2nZ/F","Michelle Stanley",,"2020-05-27T03:52:01.000Z","Elliot Executive","0055w00000D4KBrAAN","Michelle Stanley","Michelle Stanley","Michelle Stanley/John Chen/Elliot Executive/Sam Ennis","Elliot Executive","John Chen","Cold Call","00E5w000004erLwEAI","eStudio","true","Low","true","RVP Central","PA",,"2019-12-29T08:00:00.000Z","Central Sales","eStudio 250","00E5w000004erLxEAI","2019_11","RVPCentral","00E5w000004erLvEAI","https://samennis-20200526-demo--c.documentforce.com/profilephoto/7295w000000W2nZ/T","Other","Corporate","mstanley1590550477825@demo.user","eStudio","Michelle Stanley","CentralSales",,14,5314000,75,14
"0015w00002DFNZQAA5","00E5w000004erM7EAI/00E5w000004erM0EAI/00E5w000004erLvEAI","0065w000022R24MAAS","InterAmerica Technologies","https://samennis-20200526-demo--c.documentforce.com/profilephoto/7295w000000W2mq/F","Alexander Cruz",,"2020-05-27T03:51:50.000Z","Alexander Cruz","0055w00000D4KBdAAN","Alexander Cruz","Alexander Cruz","Alexander Cruz/Edwin Tucker/Elliot Executive/Sam Ennis","Alexander Cruz","Edwin Tucker","Website","00E5w000004erM5EAI","InterAmerica Technologies","true","Medium","true","RVP East","MA",,"2020-05-11T07:00:00.000Z","East Sales","InterAmerica Technologies 111","00E5w000004erM7EAI","2019_12","RVPEast","00E5w000004erLvEAI","https://samennis-20200526-demo--c.documentforce.com/profilephoto/7295w000000W2mq/T","Engineering","Corporate","acruz1590550477724@demo.user","InterAmerica Technologies","Alexander Cruz","EastSales",,66.75,4035000,86,67
"0015w00002DFO6tAAH","00E5w000004erLxEAI/00E5w000004erM0EAI/00E5w000004erLvEAI","0065w000022R2lZAAS","OnDemand Inc","https://samennis-20200526-demo--c.documentforce.com/profilephoto/7295w000000W2nU/F","Rebecca Gonzalez",,"2020-05-27T03:55:53.000Z","Elliot Executive","0055w00000D4KBtAAN","Rebecca Gonzalez","Rebecca Gonzalez","Rebecca Gonzalez/John Chen/Elliot Executive/Sam Ennis","Elliot Executive","John Chen","Marketing Event","00E5w000004erLwEAI","OnDemand Inc","true","Low","true","RVP Central","NJ",,"2018-06-09T07:00:00.000Z","Central Sales","OnDemand Inc 87","00E5w000004erLxEAI","2019_12","RVPCentral","00E5w000004erLvEAI","https://samennis-20200526-demo--c.documentforce.com/profilephoto/7295w000000W2nU/T","Energy","Enterprise","rgonzale1590550477838@demo.user","OnDemand Inc","Rebecca Gonzalez","CentralSales",,17.1592,1145751000,215,17
"0015w00002DFNYkAAP","00E5w000004erLzEAI/00E5w000004erM0EAI/00E5w000004erLvEAI","0065w000022R23TAAS","Sales Consultants","https://samennis-20200526-demo--c.documentforce.com/profilephoto/7295w000000W2nF/F","Mary Powers",,"2020-05-27T03:51:40.000Z","Andrew Martin","0055w00000D4KBeAAN","Mary Powers","Mary Powers","Mary Powers/Andrew Martin/Elliot Executive/Sam Ennis","Andrew Martin","Andrew Martin","Referral","00E5w000004erLyEAI","Sales Consultants","true","Low","true","RVP West","AK",,"2018-08-27T07:00:00.000Z","West Sales","Sales Consultants 226","00E5w000004erLzEAI","2019_12","RVPWest","00E5w000004erLvEAI","https://samennis-20200526-demo--c.documentforce.com/profilephoto/7295w000000W2nF/T","Recreation","Corporate","mpowers1590550477739@demo.user","Sales Consultants","Mary Powers","WestSales",,0,3619000,102,0
"0015w00002DFNlMAAX","00E5w000004erLxEAI/00E5w000004erM0EAI/00E5w000004erLvEAI","0065w000022R2JWAA0","NYSE Governance Services","https://samennis-20200526-demo--c.documentforce.com/profilephoto/7295w000000W2mb/F","Theresa Jones",,"2020-05-27T03:52:30.000Z","Elliot Executive","0055w00000D4KBoAAN","Theresa Jones","Theresa Jones","Theresa Jones/John Chen/Elliot Executive/Sam Ennis","Elliot Executive","John Chen","Website","00E5w000004erLwEAI","NYSE Governance Services","true","Medium","true","RVP Central","AR",,"2018-12-15T08:00:00.000Z","Central Sales","NYSE Governance Services 170","00E5w000004erLxEAI","2019_12","RVPCentral","00E5w000004erLvEAI","https://samennis-20200526-demo--c.documentforce.com/profilephoto/7295w000000W2mb/T","Insurance","Corporate","tjones1590550477806@demo.user","NYSE Governance Services","Theresa Jones","CentralSales",,88.0385,7299000,62,88
"0015w00002DFNtUAAX","00E5w000004erLxEAI/00E5w000004erM0EAI/00E5w000004erLvEAI","0065w000022R2UKAA0","Network Co.","https://samennis-20200526-demo--c.documentforce.com/profilephoto/7295w000000W2nU/F","Rebecca Gonzalez",,"2020-05-27T03:54:04.000Z","Elliot Executive","0055w00000D4KBtAAN","Rebecca Gonzalez","Rebecca Gonzalez","Rebecca Gonzalez/John Chen/Elliot Executive/Sam Ennis","Elliot Executive","John Chen","Inbound Call","00E5w000004erLwEAI","Network Co.","true","Low","true","RVP Central","IA",,"2018-10-21T07:00:00.000Z","Central Sales","Network Co. 198","00E5w000004erLxEAI","2019_12","RVPCentral","00E5w000004erLvEAI","https://samennis-20200526-demo--c.documentforce.com/profilephoto/7295w000000W2nU/T","Financial Services","Corporate","rgonzale1590550477838@demo.user","Network Co.","Rebecca Gonzalez","CentralSales",,14,5457000,236,14
"0015w00002DFNKRAA5","00E5w000004erLxEAI/00E5w000004erM0EAI/00E5w000004erLvEAI","0065w000022R1jvAAC","DCI HOLDINGS","https://samennis-20200526-demo--c.documentforce.com/profilephoto/7295w000000W2nZ/F","Michelle Stanley",,"2020-05-27T03:49:40.000Z","Elliot Executive","0055w00000D4KBrAAN","Michelle Stanley","Michelle Stanley","Michelle Stanley/John Chen/Elliot Executive/Sam Ennis","Elliot Executive","John Chen","Referral","00E5w000004erLwEAI","DCI HOLDINGS","true","Low","true","RVP Central","IL",,"2018-05-30T07:00:00.000Z","Central Sales","DCI HOLDINGS 182","00E5w000004erLxEAI","2019_12","RVPCentral","00E5w000004erLvEAI","https://samennis-20200526-demo--c.documentforce.com/profilephoto/7295w000000W2nZ/T","Shipping","Corporate","mstanley1590550477825@demo.user","DCI HOLDINGS","Michelle Stanley","CentralSales",,0,9883000,173,0
"0015w00002DFO3ZAAX","00E5w000004erLzEAI/00E5w000004erM0EAI/00E5w000004erLvEAI","0065w000022R2h8AAC","Newmarket International","https://samennis-20200526-demo--c.documentforce.com/profilephoto/7295w000000W2nK/F","Amanda Hernandez",,"2020-05-27T03:54:42.000Z","Amanda Hernandez","0055w00000D4KBfAAN","Amanda Hernandez","Amanda Hernandez","Amanda Hernandez/Andrew Martin/Elliot Executive/Sam Ennis","Amanda Hernandez","Andrew Martin","Cold Call","00E5w000004erLyEAI","Newmarket International","true","Low","true","RVP West","MT",,"2020-03-05T08:00:00.000Z","West Sales","Newmarket International 19","00E5w000004erLzEAI","2019_12","RVPWest","00E5w000004erLvEAI","https://samennis-20200526-demo--c.documentforce.com/profilephoto/7295w000000W2nK/T","Entertainment","Mid-Market","ahernand1590550477747@demo.user","Newmarket International","Amanda Hernandez","WestSales",,8.4,393882000,901,8
"0015w00002DFOCUAA5","00E5w000004erLzEAI/00E5w000004erM0EAI/00E5w000004erLvEAI","0065w000022R2shAAC","eB2X","https://samennis-20200526-demo--c.documentforce.com/profilephoto/7295w000000W2nF/F","Mary Powers",,"2020-05-27T03:56:17.000Z","Andrew Martin","0055w00000D4KBeAAN","Mary Powers","Mary Powers","Mary Powers/Andrew Martin/Elliot Executive/Sam Ennis","Andrew Martin","Andrew Martin","Social Media","00E5w000004erLyEAI","eB2X","true","High","true","RVP West","NV",,"2020-02-16T08:00:00.000Z","West Sales","eB2X 74","00E5w000004erLzEAI","2019_12","RVPWest","00E5w000004erLvEAI","https://samennis-20200526-demo--c.documentforce.com/profilephoto/7295w000000W2nF/T","Shipping","T100","mpowers1590550477739@demo.user","eB2X","Mary Powers","WestSales",,2180.248,7487020000,19970,2180
"0015w00002DFNTeAAP","00E5w000004erLzEAI/00E5w000004erM0EAI/00E5w000004erLvEAI","0065w000022R1wjAAC","Kenwal Steel Corp.","https://samennis-20200526-demo--c.documentforce.com/profilephoto/7295w000000W2nB/F","Meagan Blevins",,"2020-05-27T03:50:14.000Z","Andrew Martin","0055w00000D4KBhAAN","Meagan Blevins","Meagan Blevins","Meagan Blevins/Andrew Martin/Elliot Executive/Sam Ennis","Andrew Martin","Andrew Martin","Social Media","00E5w000004erLyEAI","Kenwal Steel Corp.","true","Low","true","RVP West","WA",,"2019-06-27T07:00:00.000Z","West Sales","Kenwal Steel Corp. 254","00E5w000004erLzEAI","2019_12","RVPWest","00E5w000004erLvEAI","https://samennis-20200526-demo--c.documentforce.com/profilephoto/7295w000000W2nB/T","Consulting","Corporate","mblevins1590550477762@demo.user","Kenwal Steel Corp.","Meagan Blevins","WestSales",,11.6667,4606000,173,12
"0015w00002DFNeZAAX","00E5w000004erLxEAI/00E5w000004erM0EAI/00E5w000004erLvEAI","0065w000022R2AmAAK","Telegroup","https://samennis-20200526-demo--c.documentforce.com/profilephoto/7295w000000W2nU/F","Rebecca Gonzalez",,"2020-05-27T03:52:11.000Z","Elliot Executive","0055w00000D4KBtAAN","Rebecca Gonzalez","Rebecca Gonzalez","Rebecca Gonzalez/John Chen/Elliot Executive/Sam Ennis","Elliot Executive","John Chen","Cold Call","00E5w000004erLwEAI","Telegroup","true","Low","true","RVP Central","LA",,"2019-08-25T07:00:00.000Z","Central Sales","Telegroup 152","00E5w000004erLxEAI","2019_12","RVPCentral","00E5w000004erLvEAI","https://samennis-20200526-demo--c.documentforce.com/profilephoto/7295w000000W2nU/T","Construction","Corporate","rgonzale1590550477838@demo.user","Telegroup","Rebecca Gonzalez","CentralSales",,0,5168000,18,0
"0015w00002DFO92AAH","00E5w000004erLxEAI/00E5w000004erM0EAI/00E5w000004erLvEAI","0065w000022R2oLAAS","Performance Resources","https://samennis-20200526-demo--c.documentforce.com/profilephoto/7295w000000W2nZ/F","Michelle Stanley",,"2020-05-27T03:56:04.000Z","Elliot Executive","0055w00000D4KBrAAN","Michelle Stanley","Michelle Stanley","Michelle Stanley/John Chen/Elliot Executive/Sam Ennis","Elliot Executive","John Chen","Cold Call","00E5w000004erLwEAI","Performance Resources","true","Low","true","RVP Central","MO",,"2018-06-18T07:00:00.000Z","Central Sales","Performance Resources 4","00E5w000004erLxEAI","2019_12","RVPCentral","00E5w000004erLvEAI","https://samennis-20200526-demo--c.documentforce.com/profilephoto/7295w000000W2nZ/T","Communications","Enterprise","mstanley1590550477825@demo.user","Performance Resources","Michelle Stanley","CentralSales",,0,1566039000,91348,0
"0015w00002DFNYRAA5","00E5w000004erLzEAI/00E5w000004erM0EAI/00E5w000004erLvEAI","0065w000022R237AAC","lionheart medical","https://samennis-20200526-demo--c.documentforce.com/profilephoto/7295w000000W2mR/F","Brandy Mullins",,"2020-05-27T03:51:40.000Z","Andrew Martin","0055w00000D4KBgAAN","Brandy Mullins","Brandy Mullins","Brandy Mullins/Andrew Martin/Elliot Executive/Sam Ennis","Andrew Martin","Andrew Martin","Data.com","00E5w000004erLyEAI","lionheart medical","true","High","true","RVP West","OR",,"2019-10-08T07:00:00.000Z","West Sales","lionheart medical 107","00E5w000004erLzEAI","2020_01","RVPWest","00E5w000004erLvEAI","https://samennis-20200526-demo--c.documentforce.com/profilephoto/7295w000000W2mR/T","Utilities","Corporate","bmullins1590550477755@demo.user","lionheart medical","Brandy Mullins","WestSales",,118.4818,5845000,15,118
"0015w00002DFNWxAAP","00E5w000004erLzEAI/00E5w000004erM0EAI/00E5w000004erLvEAI","0065w000022R219AAC","Westwave Communications","https://samennis-20200526-demo--c.documentforce.com/profilephoto/7295w000000W2nF/F","Mary Powers",,"2020-05-27T03:51:40.000Z","Andrew Martin","0055w00000D4KBeAAN","Mary Powers","Mary Powers","Mary Powers/Andrew Martin/Elliot Executive/Sam Ennis","Andrew Martin","Andrew Martin","Community","00E5w000004erLyEAI","Westwave Communications","true","Low","true","RVP West","CA",,"2019-03-14T07:00:00.000Z","West Sales","Westwave Communications 195","00E5w000004erLzEAI","2020_01","RVPWest","00E5w000004erLvEAI","https://samennis-20200526-demo--c.documentforce.com/profilephoto/7295w000000W2nF/T","Communications","Corporate","mpowers1590550477739@demo.user","Westwave Communications","Mary Powers","WestSales",,8.6178,6326000,50,9
"0015w00002DFNKRAA5","00E5w000004erLxEAI/00E5w000004erM0EAI/00E5w000004erLvEAI","0065w000022R1jvAAC","DCI HOLDINGS","https://samennis-20200526-demo--c.documentforce.com/profilephoto/7295w000000W2nZ/F","Michelle Stanley",,"2020-05-27T03:49:40.000Z","Elliot Executive","0055w00000D4KBrAAN","Michelle Stanley","Michelle Stanley","Michelle Stanley/John Chen/Elliot Executive/Sam Ennis","Elliot Executive","John Chen","Referral","00E5w000004erLwEAI","DCI HOLDINGS","true","Low","true","RVP Central","IL",,"2018-05-30T07:00:00.000Z","Central Sales","DCI HOLDINGS 182","00E5w000004erLxEAI","2020_01","RVPCentral","00E5w000004erLvEAI","https://samennis-20200526-demo--c.documentforce.com/profilephoto/7295w000000W2nZ/T","Shipping","Corporate","mstanley1590550477825@demo.user","DCI HOLDINGS","Michelle Stanley","CentralSales",,0,9883000,173,0
"0015w00002DFO3ZAAX","00E5w000004erLzEAI/00E5w000004erM0EAI/00E5w000004erLvEAI","0065w000022R2h8AAC","Newmarket International","https://samennis-20200526-demo--c.documentforce.com/profilephoto/7295w000000W2nK/F","Amanda Hernandez",,"2020-05-27T03:54:42.000Z","Amanda Hernandez","0055w00000D4KBfAAN","Amanda Hernandez","Amanda Hernandez","Amanda Hernandez/Andrew Martin/Elliot Executive/Sam Ennis","Amanda Hernandez","Andrew Martin","Cold Call","00E5w000004erLyEAI","Newmarket International","true","Low","true","RVP West","MT",,"2020-03-05T08:00:00.000Z","West Sales","Newmarket International 19","00E5w000004erLzEAI","2020_01","RVPWest","00E5w000004erLvEAI","https://samennis-20200526-demo--c.documentforce.com/profilephoto/7295w000000W2nK/T","Entertainment","Mid-Market","ahernand1590550477747@demo.user","Newmarket International","Amanda Hernandez","WestSales",,5.8333,393882000,901,6
"0015w00002DFOCUAA5","00E5w000004erLzEAI/00E5w000004erM0EAI/00E5w000004erLvEAI","0065w000022R2shAAC","eB2X","https://samennis-20200526-demo--c.documentforce.com/profilephoto/7295w000000W2nF/F","Mary Powers",,"2020-05-27T03:56:17.000Z","Andrew Martin","0055w00000D4KBeAAN","Mary Powers","Mary Powers","Mary Powers/Andrew Martin/Elliot Executive/Sam Ennis","Andrew Martin","Andrew Martin","Social Media","00E5w000004erLyEAI","eB2X","true","High","true","RVP West","NV",,"2020-02-16T08:00:00.000Z","West Sales","eB2X 74","00E5w000004erLzEAI","2020_01","RVPWest","00E5w000004erLvEAI","https://samennis-20200526-demo--c.documentforce.com/profilephoto/7295w000000W2nF/T","Shipping","T100","mpowers1590550477739@demo.user","eB2X","Mary Powers","WestSales",,1956.36,7487020000,19970,1956
"0015w00002DFNSlAAP","00E5w000004erLzEAI/00E5w000004erM0EAI/00E5w000004erLvEAI","0065w000022R1vbAAC","Individual Software","https://samennis-20200526-demo--c.documentforce.com/profilephoto/7295w000000W2mR/F","Brandy Mullins",,"2020-05-27T03:50:08.000Z","Andrew Martin","0055w00000D4KBgAAN","Brandy Mullins","Brandy Mullins","Brandy Mullins/Andrew Martin/Elliot Executive/Sam Ennis","Andrew Martin","Andrew Martin","Social Media","00E5w000004erLyEAI","Individual Software","true","Low","true","RVP West","WA",,"2018-12-01T08:00:00.000Z","West Sales","Individual Software 10","00E5w000004erLzEAI","2020_01","RVPWest","00E5w000004erLvEAI","https://samennis-20200526-demo--c.documentforce.com/profilephoto/7295w000000W2mR/T","Government","Corporate","bmullins1590550477755@demo.user","Individual Software","Brandy Mullins","WestSales",,0,9436000,126,0
"0015w00002DFNTaAAP","00E5w000004erLxEAI/00E5w000004erM0EAI/00E5w000004erLvEAI","0065w000022R1wfAAC","ICC Industries","https://samennis-20200526-demo--c.documentforce.com/profilephoto/7295w000000W2nU/F","Rebecca Gonzalez",,"2020-05-27T03:50:14.000Z","Elliot Executive","0055w00000D4KBtAAN","Rebecca Gonzalez","Rebecca Gonzalez","Rebecca Gonzalez/John Chen/Elliot Executive/Sam Ennis","Elliot Executive","John Chen","Inbound Call","00E5w000004erLwEAI","ICC Industries","true","Low","true","RVP Central","IL",,"2020-01-06T08:00:00.000Z","Central Sales","ICC Industries 171","00E5w000004erLxEAI","2020_01","RVPCentral","00E5w000004erLvEAI","https://samennis-20200526-demo--c.documentforce.com/profilephoto/7295w000000W2nU/T","Communications","Corporate","rgonzale1590550477838@demo.user","ICC Industries","Rebecca Gonzalez","CentralSales",,1.4233,9486000,109,1
"0015w00002DFNL0AAP","00E5w000004erLxEAI/00E5w000004erM0EAI/00E5w000004erLvEAI","0065w000022R1kiAAC","ARI Network Services","https://samennis-20200526-demo--c.documentforce.com/profilephoto/7295w000000W2mW/F","Crystal Stevens",,"2020-05-27T03:49:40.000Z","Crystal Stevens","0055w00000D4KBsAAN","Crystal Stevens","Crystal Stevens","Crystal Stevens/John Chen/Elliot Executive/Sam Ennis","Crystal Stevens","John Chen","Social Media","00E5w000004erLwEAI","ARI Network Services","true","High","true","RVP Central","KS",,"2018-08-04T07:00:00.000Z","Central Sales","ARI Network Services 243","00E5w000004erLxEAI","2020_01","RVPCentral","00E5w000004erLvEAI","https://samennis-20200526-demo--c.documentforce.com/profilephoto/7295w000000W2mW/T","Retail","Corporate","cstevens1590550477831@demo.user","ARI Network Services","Crystal Stevens","CentralSales",,245,8851000,43,245
"0015w00002DFNM0AAP","00E5w000004erLzEAI/00E5w000004erM0EAI/00E5w000004erLvEAI","0065w000022R1m3AAC","adeptive.com","https://samennis-20200526-demo--c.documentforce.com/profilephoto/7295w000000W2nF/F","Mary Powers",,"2020-05-27T03:49:40.000Z","Andrew Martin","0055w00000D4KBeAAN","Mary Powers","Mary Powers","Mary Powers/Andrew Martin/Elliot Executive/Sam Ennis","Andrew Martin","Andrew Martin","Community","00E5w000004erLyEAI","adeptive.com","true","Low","true","RVP West","WA",,"2018-08-03T07:00:00.000Z","West Sales","adeptive.com 123","00E5w000004erLzEAI","2020_02","RVPWest","00E5w000004erLvEAI","https://samennis-20200526-demo--c.documentforce.com/profilephoto/7295w000000W2nF/T","Shipping","Corporate","mpowers1590550477739@demo.user","adeptive.com","Mary Powers","WestSales",,3.973,9093000,176,4
"0015w00002DFNYkAAP","00E5w000004erLzEAI/00E5w000004erM0EAI/00E5w000004erLvEAI","0065w000022R23TAAS","Sales Consultants","https://samennis-20200526-demo--c.documentforce.com/profilephoto/7295w000000W2nF/F","Mary Powers",,"2020-05-27T03:51:40.000Z","Andrew Martin","0055w00000D4KBeAAN","Mary Powers","Mary Powers","Mary Powers/Andrew Martin/Elliot Executive/Sam Ennis","Andrew Martin","Andrew Martin","Referral","00E5w000004erLyEAI","Sales Consultants","true","Low","true","RVP West","AK",,"2018-08-27T07:00:00.000Z","West Sales","Sales Consultants 226","00E5w000004erLzEAI","2020_02","RVPWest","00E5w000004erLvEAI","https://samennis-20200526-demo--c.documentforce.com/profilephoto/7295w000000W2nF/T","Recreation","Corporate","mpowers1590550477739@demo.user","Sales Consultants","Mary Powers","WestSales",,0,3619000,102,0
"0015w00002DFNyEAAX","00E5w000004erLzEAI/00E5w000004erM0EAI/00E5w000004erLvEAI","0065w000022R2asAAC","Intersolutions Inc","https://samennis-20200526-demo--c.documentforce.com/profilephoto/7295w000000W2mR/F","Brandy Mullins",,"2020-05-27T03:54:24.000Z","Andrew Martin","0055w00000D4KBgAAN","Brandy Mullins","Brandy Mullins","Brandy Mullins/Andrew Martin/Elliot Executive/Sam Ennis","Andrew Martin","Andrew Martin","Data.com","00E5w000004erLyEAI","Intersolutions Inc","true","Low","true","RVP West","AK",,"2019-04-07T07:00:00.000Z","West Sales","Intersolutions Inc 40","00E5w000004erLzEAI","2020_02","RVPWest","00E5w000004erLvEAI","https://samennis-20200526-demo--c.documentforce.com/profilephoto/7295w000000W2mR/T","Government","Corporate","bmullins1590550477755@demo.user","Intersolutions Inc","Brandy Mullins","WestSales",,12.25,9099000,41702,12
"0015w00002DFNuLAAX","00E5w000004erLxEAI/00E5w000004erM0EAI/00E5w000004erLvEAI","0065w000022R2VTAA0","Georgeshao, Inc","https://samennis-20200526-demo--c.documentforce.com/profilephoto/7295w000000W2nZ/F","Michelle Stanley",,"2020-05-27T03:54:04.000Z","Elliot Executive","0055w00000D4KBrAAN","Michelle Stanley","Michelle Stanley","Michelle Stanley/John Chen/Elliot Executive/Sam Ennis","Elliot Executive","John Chen","Social Media","00E5w000004erLwEAI","Georgeshao, Inc","true","Low","true","RVP Central","NY",,"2019-06-20T07:00:00.000Z","Central Sales","Georgeshao, Inc 249","00E5w000004erLxEAI","2020_02","RVPCentral","00E5w000004erLvEAI","https://samennis-20200526-demo--c.documentforce.com/profilephoto/7295w000000W2nZ/T","Construction","Corporate","mstanley1590550477825@demo.user","Georgeshao, Inc","Michelle Stanley","CentralSales",,0,3709000,242,0
"0015w00002DFO9BAAX","00E5w000004erLzEAI/00E5w000004erM0EAI/00E5w000004erLvEAI","0065w000022R2oUAAS","Yuba Heat Transfer Division","https://samennis-20200526-demo--c.documentforce.com/profilephoto/7295w000000W2nK/F","Amanda Hernandez",,"2020-05-27T03:56:04.000Z","Amanda Hernandez","0055w00000D4KBfAAN","Amanda Hernandez","Amanda Hernandez","Amanda Hernandez/Andrew Martin/Elliot Executive/Sam Ennis","Amanda Hernandez","Andrew Martin","Community","00E5w000004erLyEAI","Yuba Heat Transfer Division","true","Low","true","RVP West","AK",,"2018-06-25T07:00:00.000Z","West Sales","Yuba Heat Transfer Division 171","00E5w000004erLzEAI","2020_02","RVPWest","00E5w000004erLvEAI","https://samennis-20200526-demo--c.documentforce.com/profilephoto/7295w000000W2nK/T","Recreation","Enterprise","ahernand1590550477747@demo.user","Yuba Heat Transfer Division","Amanda Hernandez","WestSales",,1.68,1455771000,122400,2
"0015w00002DFNeZAAX","00E5w000004erLxEAI/00E5w000004erM0EAI/00E5w000004erLvEAI","0065w000022R2AmAAK","Telegroup","https://samennis-20200526-demo--c.documentforce.com/profilephoto/7295w000000W2nU/F","Rebecca Gonzalez",,"2020-05-27T03:52:11.000Z","Elliot Executive","0055w00000D4KBtAAN","Rebecca Gonzalez","Rebecca Gonzalez","Rebecca Gonzalez/John Chen/Elliot Executive/Sam Ennis","Elliot Executive","John Chen","Cold Call","00E5w000004erLwEAI","Telegroup","true","Low","true","RVP Central","LA",,"2019-08-25T07:00:00.000Z","Central Sales","Telegroup 152","00E5w000004erLxEAI","2020_02","RVPCentral","00E5w000004erLvEAI","https://samennis-20200526-demo--c.documentforce.com/profilephoto/7295w000000W2nU/T","Construction","Corporate","rgonzale1590550477838@demo.user","Telegroup","Rebecca Gonzalez","CentralSales",,0,5168000,18,0
"0015w00002DFNTeAAP","00E5w000004erLzEAI/00E5w000004erM0EAI/00E5w000004erLvEAI","0065w000022R1wjAAC","Kenwal Steel Corp.","https://samennis-20200526-demo--c.documentforce.com/profilephoto/7295w000000W2nB/F","Meagan Blevins",,"2020-05-27T03:50:14.000Z","Andrew Martin","0055w00000D4KBhAAN","Meagan Blevins","Meagan Blevins","Meagan Blevins/Andrew Martin/Elliot Executive/Sam Ennis","Andrew Martin","Andrew Martin","Social Media","00E5w000004erLyEAI","Kenwal Steel Corp.","true","Low","true","RVP West","WA",,"2019-06-27T07:00:00.000Z","West Sales","Kenwal Steel Corp. 254","00E5w000004erLzEAI","2020_02","RVPWest","00E5w000004erLvEAI","https://samennis-20200526-demo--c.documentforce.com/profilephoto/7295w000000W2nB/T","Consulting","Corporate","mblevins1590550477762@demo.user","Kenwal Steel Corp.","Meagan Blevins","WestSales",,4.2,4606000,173,4
"0015w00002DFOANAA5","00E5w000004erLzEAI/00E5w000004erM0EAI/00E5w000004erLvEAI","0065w000022R2pzAAC","First Fleet Corp","https://samennis-20200526-demo--c.documentforce.com/profilephoto/7295w000000W2nK/F","Amanda Hernandez",,"2020-05-27T03:56:04.000Z","Amanda Hernandez","0055w00000D4KBfAAN","Amanda Hernandez","Amanda Hernandez","Amanda Hernandez/Andrew Martin/Elliot Executive/Sam Ennis","Amanda Hernandez","Andrew Martin","Inbound Call","00E5w000004erLyEAI","First Fleet Corp","true","Low","true","RVP West","CA",,"2018-11-15T08:00:00.000Z","West Sales","First Fleet Corp 25","00E5w000004erLzEAI","2020_02","RVPWest","00E5w000004erLvEAI","https://samennis-20200526-demo--c.documentforce.com/profilephoto/7295w000000W2nK/T","Entertainment","T100","ahernand1590550477747@demo.user","First Fleet Corp","Amanda Hernandez","WestSales",,11.6667,4842897000,1,12
"0015w00002DFNTaAAP","00E5w000004erLxEAI/00E5w000004erM0EAI/00E5w000004erLvEAI","0065w000022R1wfAAC","ICC Industries","https://samennis-20200526-demo--c.documentforce.com/profilephoto/7295w000000W2nU/F","Rebecca Gonzalez",,"2020-05-27T03:50:14.000Z","Elliot Executive","0055w00000D4KBtAAN","Rebecca Gonzalez","Rebecca Gonzalez","Rebecca Gonzalez/John Chen/Elliot Executive/Sam Ennis","Elliot Executive","John Chen","Inbound Call","00E5w000004erLwEAI","ICC Industries","true","Low","true","RVP Central","IL",,"2020-01-06T08:00:00.000Z","Central Sales","ICC Industries 171","00E5w000004erLxEAI","2020_02","RVPCentral","00E5w000004erLvEAI","https://samennis-20200526-demo--c.documentforce.com/profilephoto/7295w000000W2nU/T","Communications","Corporate","rgonzale1590550477838@demo.user","ICC Industries","Rebecca Gonzalez","CentralSales",,0,9486000,109,0
"0015w00002DFNYkAAP","00E5w000004erLzEAI/00E5w000004erM0EAI/00E5w000004erLvEAI","0065w000022R23TAAS","Sales Consultants","https://samennis-20200526-demo--c.documentforce.com/profilephoto/7295w000000W2nF/F","Mary Powers",,"2020-05-27T03:51:40.000Z","Andrew Martin","0055w00000D4KBeAAN","Mary Powers","Mary Powers","Mary Powers/Andrew Martin/Elliot Executive/Sam Ennis","Andrew Martin","Andrew Martin","Referral","00E5w000004erLyEAI","Sales Consultants","true","Low","true","RVP West","AK",,"2018-08-27T07:00:00.000Z","West Sales","Sales Consultants 226","00E5w000004erLzEAI","2020_03","RVPWest","00E5w000004erLvEAI","https://samennis-20200526-demo--c.documentforce.com/profilephoto/7295w000000W2nF/T","Recreation","Corporate","mpowers1590550477739@demo.user","Sales Consultants","Mary Powers","WestSales",,4.2,3619000,102,4
"0015w00002DFOCaAAP","00E5w000004erLxEAI/00E5w000004erM0EAI/00E5w000004erLvEAI","0065w000022R2sqAAC","IMTS Silicon Motor Speedway","https://samennis-20200526-demo--c.documentforce.com/profilephoto/7295w000000W2nZ/F","Michelle Stanley",,"2020-05-27T03:56:17.000Z","Elliot Executive","0055w00000D4KBrAAN","Michelle Stanley","Michelle Stanley","Michelle Stanley/John Chen/Elliot Executive/Sam Ennis","Elliot Executive","John Chen","Social Media","00E5w000004erLwEAI","IMTS Silicon Motor Speedway","true","Low","true","RVP Central","MN",,"2018-05-29T07:00:00.000Z","Central Sales","IMTS Silicon Motor Speedway 191","00E5w000004erLxEAI","2020_03","RVPCentral","00E5w000004erLvEAI","https://samennis-20200526-demo--c.documentforce.com/profilephoto/7295w000000W2nZ/T","Banking","T100","mstanley1590550477825@demo.user","IMTS Silicon Motor Speedway","Michelle Stanley","CentralSales",,6.6379,3215159000,15614,7
"0015w00002DFNWZAA5","00E5w000004erLxEAI/00E5w000004erM0EAI/00E5w000004erLvEAI","0065w000022R20cAAC","Telex Communications","https://samennis-20200526-demo--c.documentforce.com/profilephoto/7295w000000W2nU/F","Rebecca Gonzalez",,"2020-05-27T03:51:31.000Z","Elliot Executive","0055w00000D4KBtAAN","Rebecca Gonzalez","Rebecca Gonzalez","Rebecca Gonzalez/John Chen/Elliot Executive/Sam Ennis","Elliot Executive","John Chen","Data.com","00E5w000004erLwEAI","Telex Communications","true","Low","true","RVP Central","IL",,"2019-08-10T07:00:00.000Z","Central Sales","Telex Communications 255","00E5w000004erLxEAI","2020_03","RVPCentral","00E5w000004erLvEAI","https://samennis-20200526-demo--c.documentforce.com/profilephoto/7295w000000W2nU/T","Transportation","Corporate","rgonzale1590550477838@demo.user","Telex Communications","Rebecca Gonzalez","CentralSales",,0,3255000,175,0
"0015w00002DFO1RAAX","00E5w000004erM7EAI/00E5w000004erM0EAI/00E5w000004erLvEAI","0065w000022R2eNAAS","General Casualty Co","https://samennis-20200526-demo--c.documentforce.com/profilephoto/7295w000000W2mg/F","Kaitlyn Guerrero",,"2020-05-27T03:54:34.000Z","Edwin Tucker","0055w00000D4KBkAAN","Kaitlyn Guerrero","Kaitlyn Guerrero","Kaitlyn Guerrero/Edwin Tucker/Elliot Executive/Sam Ennis","Edwin Tucker","Edwin Tucker","Marketing Event","00E5w000004erM5EAI","General Casualty Co","true","Low","true","RVP East","NC",,"2020-04-30T07:00:00.000Z","East Sales","General Casualty Co 193","00E5w000004erM7EAI","2020_03","RVPEast","00E5w000004erLvEAI","https://samennis-20200526-demo--c.documentforce.com/profilephoto/7295w000000W2mg/T","Manufacturing","SMB","kguerrer1590550477782@demo.user","General Casualty Co","Kaitlyn Guerrero","EastSales",,0.7,29123000,572,1
"0015w00002DFOCUAA5","00E5w000004erLzEAI/00E5w000004erM0EAI/00E5w000004erLvEAI","0065w000022R2shAAC","eB2X","https://samennis-20200526-demo--c.documentforce.com/profilephoto/7295w000000W2nF/F","Mary Powers",,"2020-05-27T03:56:17.000Z","Andrew Martin","0055w00000D4KBeAAN","Mary Powers","Mary Powers","Mary Powers/Andrew Martin/Elliot Executive/Sam Ennis","Andrew Martin","Andrew Martin","Social Media","00E5w000004erLyEAI","eB2X","true","High","true","RVP West","NV",,"2020-02-16T08:00:00.000Z","West Sales","eB2X 74","00E5w000004erLzEAI","2020_03","RVPWest","00E5w000004erLvEAI","https://samennis-20200526-demo--c.documentforce.com/profilephoto/7295w000000W2nF/T","Shipping","T100","mpowers1590550477739@demo.user","eB2X","Mary Powers","WestSales",,3040.674,7487020000,19970,3041
"0015w00002DFNeZAAX","00E5w000004erLxEAI/00E5w000004erM0EAI/00E5w000004erLvEAI","0065w000022R2AmAAK","Telegroup","https://samennis-20200526-demo--c.documentforce.com/profilephoto/7295w000000W2nU/F","Rebecca Gonzalez",,"2020-05-27T03:52:11.000Z","Elliot Executive","0055w00000D4KBtAAN","Rebecca Gonzalez","Rebecca Gonzalez","Rebecca Gonzalez/John Chen/Elliot Executive/Sam Ennis","Elliot Executive","John Chen","Cold Call","00E5w000004erLwEAI","Telegroup","true","Low","true","RVP Central","LA",,"2019-08-25T07:00:00.000Z","Central Sales","Telegroup 152","00E5w000004erLxEAI","2020_03","RVPCentral","00E5w000004erLvEAI","https://samennis-20200526-demo--c.documentforce.com/profilephoto/7295w000000W2nU/T","Construction","Corporate","rgonzale1590550477838@demo.user","Telegroup","Rebecca Gonzalez","CentralSales",,0,5168000,18,0
"0015w00002DFO7xAAH","00E5w000004erLxEAI/00E5w000004erM0EAI/00E5w000004erLvEAI","0065w000022R2mzAAC","John Q. Hammons Hotels","https://samennis-20200526-demo--c.documentforce.com/profilephoto/7295w000000W2mW/F","Crystal Stevens",,"2020-05-27T03:55:53.000Z","Crystal Stevens","0055w00000D4KBsAAN","Crystal Stevens","Crystal Stevens","Crystal Stevens/John Chen/Elliot Executive/Sam Ennis","Crystal Stevens","John Chen","Community","00E5w000004erLwEAI","John Q. Hammons Hotels","true","Low","true","RVP Central","NY",,"2020-02-19T08:00:00.000Z","Central Sales","John Q. Hammons Hotels 236","00E5w000004erLxEAI","2019_04","RVPCentral","00E5w000004erLvEAI","https://samennis-20200526-demo--c.documentforce.com/profilephoto/7295w000000W2mW/T","Machinery","Enterprise","cstevens1590550477831@demo.user","John Q. Hammons Hotels","Crystal Stevens","CentralSales",,0.6364,1848259000,3821,1
"0015w00002DFNYRAA5","00E5w000004erLzEAI/00E5w000004erM0EAI/00E5w000004erLvEAI","0065w000022R237AAC","lionheart medical","https://samennis-20200526-demo--c.documentforce.com/profilephoto/7295w000000W2mR/F","Brandy Mullins",,"2020-05-27T03:51:40.000Z","Andrew Martin","0055w00000D4KBgAAN","Brandy Mullins","Brandy Mullins","Brandy Mullins/Andrew Martin/Elliot Executive/Sam Ennis","Andrew Martin","Andrew Martin","Data.com","00E5w000004erLyEAI","lionheart medical","true","Medium","true","RVP West","OR",,"2019-10-08T07:00:00.000Z","West Sales","lionheart medical 107","00E5w000004erLzEAI","2019_04","RVPWest","00E5w000004erLvEAI","https://samennis-20200526-demo--c.documentforce.com/profilephoto/7295w000000W2mR/T","Utilities","Corporate","bmullins1590550477755@demo.user","lionheart medical","Brandy Mullins","WestSales",,71.7993,5845000,15,72
"0015w00002DFNEVAA5","00E5w000004erLzEAI/00E5w000004erM0EAI/00E5w000004erLvEAI","0065w000022R1bbAAC","Kjr 950 Am","https://samennis-20200526-demo--c.documentforce.com/profilephoto/7295w000000W2nF/F","Mary Powers",,"2020-05-27T03:49:09.000Z","Andrew Martin","0055w00000D4KBeAAN","Mary Powers","Mary Powers","Mary Powers/Andrew Martin/Elliot Executive/Sam Ennis","Andrew Martin","Andrew Martin","Social Media","00E5w000004erLyEAI","Kjr 950 Am","true","Medium","true","RVP West","WA",,"2018-08-12T07:00:00.000Z","West Sales","Kjr 950 Am 121","00E5w000004erLzEAI","2019_04","RVPWest","00E5w000004erLvEAI","https://samennis-20200526-demo--c.documentforce.com/profilephoto/7295w000000W2nF/T","Energy","Corporate","mpowers1590550477739@demo.user","Kjr 950 Am","Mary Powers","WestSales",,51.1538,4728000,130,51
"0015w00002DFO6tAAH","00E5w000004erLxEAI/00E5w000004erM0EAI/00E5w000004erLvEAI","0065w000022R2lZAAS","OnDemand Inc","https://samennis-20200526-demo--c.documentforce.com/profilephoto/7295w000000W2nU/F","Rebecca Gonzalez",,"2020-05-27T03:55:53.000Z","Elliot Executive","0055w00000D4KBtAAN","Rebecca Gonzalez","Rebecca Gonzalez","Rebecca Gonzalez/John Chen/Elliot Executive/Sam Ennis","Elliot Executive","John Chen","Marketing Event","00E5w000004erLwEAI","OnDemand Inc","true","Low","true","RVP Central","NJ",,"2018-06-09T07:00:00.000Z","Central Sales","OnDemand Inc 87","00E5w000004erLxEAI","2019_04","RVPCentral","00E5w000004erLvEAI","https://samennis-20200526-demo--c.documentforce.com/profilephoto/7295w000000W2nU/T","Energy","Enterprise","rgonzale1590550477838@demo.user","OnDemand Inc","Rebecca Gonzalez","CentralSales",,15.089,1145751000,215,15
"0015w00002DFNYkAAP","00E5w000004erLzEAI/00E5w000004erM0EAI/00E5w000004erLvEAI","0065w000022R23TAAS","Sales Consultants","https://samennis-20200526-demo--c.documentforce.com/profilephoto/7295w000000W2nF/F","Mary Powers",,"2020-05-27T03:51:40.000Z","Andrew Martin","0055w00000D4KBeAAN","Mary Powers","Mary Powers","Mary Powers/Andrew Martin/Elliot Executive/Sam Ennis","Andrew Martin","Andrew Martin","Referral","00E5w000004erLyEAI","Sales Consultants","true","Low","true","RVP West","AK",,"2018-08-27T07:00:00.000Z","West Sales","Sales Consultants 226","00E5w000004erLzEAI","2019_04","RVPWest","00E5w000004erLvEAI","https://samennis-20200526-demo--c.documentforce.com/profilephoto/7295w000000W2nF/T","Recreation","Corporate","mpowers1590550477739@demo.user","Sales Consultants","Mary Powers","WestSales",,0,3619000,102,0
"0015w00002DFNTpAAP","00E5w000004erLxEAI/00E5w000004erM0EAI/00E5w000004erLvEAI","0065w000022R1wwAAC","Pimo.net","https://samennis-20200526-demo--c.documentforce.com/profilephoto/7295w000000W2mW/F","Crystal Stevens",,"2020-05-27T03:50:14.000Z","Crystal Stevens","0055w00000D4KBsAAN","Crystal Stevens","Crystal Stevens","Crystal Stevens/John Chen/Elliot Executive/Sam Ennis","Crystal Stevens","John Chen","Inbound Call","00E5w000004erLwEAI","Pimo.net","true","Low","true","RVP Central","WI",,"2018-06-17T07:00:00.000Z","Central Sales","Pimo.net 156","00E5w000004erLxEAI","2019_04","RVPCentral","00E5w000004erLvEAI","https://samennis-20200526-demo--c.documentforce.com/profilephoto/7295w000000W2mW/T","Entertainment","Corporate","cstevens1590550477831@demo.user","Pimo.net","Crystal Stevens","CentralSales",,12.9567,4196000,210,13
"0015w00002DFNuLAAX","00E5w000004erLxEAI/00E5w000004erM0EAI/00E5w000004erLvEAI","0065w000022R2VTAA0","Georgeshao, Inc","https://samennis-20200526-demo--c.documentforce.com/profilephoto/7295w000000W2nZ/F","Michelle Stanley",,"2020-05-27T03:54:04.000Z","Elliot Executive","0055w00000D4KBrAAN","Michelle Stanley","Michelle Stanley","Michelle Stanley/John Chen/Elliot Executive/Sam Ennis","Elliot Executive","John Chen","Social Media","00E5w000004erLwEAI","Georgeshao, Inc","true","Low","true","RVP Central","NY",,"2019-06-20T07:00:00.000Z","Central Sales","Georgeshao, Inc 249","00E5w000004erLxEAI","2019_04","RVPCentral","00E5w000004erLvEAI","https://samennis-20200526-demo--c.documentforce.com/profilephoto/7295w000000W2nZ/T","Construction","Corporate","mstanley1590550477825@demo.user","Georgeshao, Inc","Michelle Stanley","CentralSales",,0,3709000,242,0
"0015w00002DFNQpAAP","00E5w000004erLxEAI/00E5w000004erM0EAI/00E5w000004erLvEAI","0065w000022R1t1AAC","Tech Talent","https://samennis-20200526-demo--c.documentforce.com/profilephoto/7295w000000W2nZ/F","Michelle Stanley",,"2020-05-27T03:50:08.000Z","Elliot Executive","0055w00000D4KBrAAN","Michelle Stanley","Michelle Stanley","Michelle Stanley/John Chen/Elliot Executive/Sam Ennis","Elliot Executive","John Chen","Marketing Event","00E5w000004erLwEAI","Tech Talent","true","Low","true","RVP Central","MO",,"2019-03-18T07:00:00.000Z","Central Sales","Tech Talent 195","00E5w000004erLxEAI","2019_04","RVPCentral","00E5w000004erLvEAI","https://samennis-20200526-demo--c.documentforce.com/profilephoto/7295w000000W2nZ/T","Financial Services","Corporate","mstanley1590550477825@demo.user","Tech Talent","Michelle Stanley","CentralSales",,28,2587000,23,28
"0015w00002DFNOsAAP","00E5w000004erLzEAI/00E5w000004erM0EAI/00E5w000004erLvEAI","0065w000022R1qGAAS","MK Incorporated","https://samennis-20200526-demo--c.documentforce.com/profilephoto/7295w000000W2nF/F","Mary Powers",,"2020-05-27T03:49:58.000Z","Andrew Martin","0055w00000D4KBeAAN","Mary Powers","Mary Powers","Mary Powers/Andrew Martin/Elliot Executive/Sam Ennis","Andrew Martin","Andrew Martin","Inbound Call","00E5w000004erLyEAI","MK Incorporated","true","Medium","true","RVP West","WY",,"2018-08-02T07:00:00.000Z","West Sales","MK Incorporated 248","00E5w000004erLzEAI","2019_04","RVPWest","00E5w000004erLvEAI","https://samennis-20200526-demo--c.documentforce.com/profilephoto/7295w000000W2nF/T","Electronics","Corporate","mpowers1590550477739@demo.user","MK Incorporated","Mary Powers","WestSales",,97.1765,9588000,209,97
"0015w00002DFO9uAAH","00E5w000004erLxEAI/00E5w000004erM0EAI/00E5w000004erLvEAI","0065w000022R2pOAAS","Johns-Byrne Company","https://samennis-20200526-demo--c.documentforce.com/profilephoto/7295w000000W2mW/F","Crystal Stevens",,"2020-05-27T03:56:04.000Z","Crystal Stevens","0055w00000D4KBsAAN","Crystal Stevens","Crystal Stevens","Crystal Stevens/John Chen/Elliot Executive/Sam Ennis","Crystal Stevens","John Chen","Partner","00E5w000004erLwEAI","Johns-Byrne Company","true","Low","true","RVP Central","NJ",,"2019-03-04T08:00:00.000Z","Central Sales","Johns-Byrne Company 20","00E5w000004erLxEAI","2019_04","RVPCentral","00E5w000004erLvEAI","https://samennis-20200526-demo--c.documentforce.com/profilephoto/7295w000000W2mW/T","Healthcare & Life Sciences","Enterprise","cstevens1590550477831@demo.user","Johns-Byrne Company","Crystal Stevens","CentralSales",,0,1692396000,90653,0
"0015w00002DFOD8AAP","00E5w000004erLxEAI/00E5w000004erM0EAI/00E5w000004erLvEAI","0065w000022R2tWAAS","Navagate","https://samennis-20200526-demo--c.documentforce.com/profilephoto/7295w000000W2nZ/F","Michelle Stanley",,"2020-05-27T03:56:17.000Z","Elliot Executive","0055w00000D4KBrAAN","Michelle Stanley","Michelle Stanley","Michelle Stanley/John Chen/Elliot Executive/Sam Ennis","Elliot Executive","John Chen","Cold Call","00E5w000004erLwEAI","Navagate","true","Medium","true","RVP Central","NE",,"2019-12-29T08:00:00.000Z","Central Sales","Navagate 245","00E5w000004erLxEAI","2019_04","RVPCentral","00E5w000004erLvEAI","https://samennis-20200526-demo--c.documentforce.com/profilephoto/7295w000000W2nZ/T","Education","T100","mstanley1590550477825@demo.user","Navagate","Michelle Stanley","CentralSales",,79.3333,4569487000,104162,79
"0015w00002DFNTJAA5","00E5w000004erLxEAI/00E5w000004erM0EAI/00E5w000004erLvEAI","0065w000022R1wGAAS","MeadWestvaco","https://samennis-20200526-demo--c.documentforce.com/profilephoto/7295w000000W2ne/F","Robin Montgomery",,"2020-05-27T03:50:14.000Z","Elliot Executive","0055w00000D4KBnAAN","Robin Montgomery","Robin Montgomery","Robin Montgomery/John Chen/Elliot Executive/Sam Ennis","Elliot Executive","John Chen","Social Media","00E5w000004erLwEAI","MeadWestvaco","true","Low","true","RVP Central","MO",,"2020-03-02T08:00:00.000Z","Central Sales","MeadWestvaco 127","00E5w000004erLxEAI","2019_04","RVPCentral","00E5w000004erLvEAI","https://samennis-20200526-demo--c.documentforce.com/profilephoto/7295w000000W2ne/T","Other","Corporate","rmontgom1590550477800@demo.user","MeadWestvaco","Robin Montgomery","CentralSales",,0,2923000,174,0
"0015w00002DFO7xAAH","00E5w000004erLxEAI/00E5w000004erM0EAI/00E5w000004erLvEAI","0065w000022R2mzAAC","John Q. Hammons Hotels","https://samennis-20200526-demo--c.documentforce.com/profilephoto/7295w000000W2mW/F","Crystal Stevens",,"2020-05-27T03:55:53.000Z","Crystal Stevens","0055w00000D4KBsAAN","Crystal Stevens","Crystal Stevens","Crystal Stevens/John Chen/Elliot Executive/Sam Ennis","Crystal Stevens","John Chen","Community","00E5w000004erLwEAI","John Q. Hammons Hotels","true","Low","true","RVP Central","NY",,"2020-02-19T08:00:00.000Z","Central Sales","John Q. Hammons Hotels 236","00E5w000004erLxEAI","2019_05","RVPCentral","00E5w000004erLvEAI","https://samennis-20200526-demo--c.documentforce.com/profilephoto/7295w000000W2mW/T","Machinery","Enterprise","cstevens1590550477831@demo.user","John Q. Hammons Hotels","Crystal Stevens","CentralSales",,0,1848259000,3821,0
"0015w00002DFNlMAAX","00E5w000004erLxEAI/00E5w000004erM0EAI/00E5w000004erLvEAI","0065w000022R2JWAA0","NYSE Governance Services","https://samennis-20200526-demo--c.documentforce.com/profilephoto/7295w000000W2mb/F","Theresa Jones",,"2020-05-27T03:52:30.000Z","Elliot Executive","0055w00000D4KBoAAN","Theresa Jones","Theresa Jones","Theresa Jones/John Chen/Elliot Executive/Sam Ennis","Elliot Executive","John Chen","Website","00E5w000004erLwEAI","NYSE Governance Services","true","Medium","true","RVP Central","AR",,"2018-12-15T08:00:00.000Z","Central Sales","NYSE Governance Services 170","00E5w000004erLxEAI","2019_05","RVPCentral","00E5w000004erLvEAI","https://samennis-20200526-demo--c.documentforce.com/profilephoto/7295w000000W2mb/T","Insurance","Corporate","tjones1590550477806@demo.user","NYSE Governance Services","Theresa Jones","CentralSales",,95.2478,7299000,62,95
"0015w00002DFNEmAAP","00E5w000004erLzEAI/00E5w000004erM0EAI/00E5w000004erLvEAI","0065w000022R1c5AAC","Micromenders","https://samennis-20200526-demo--c.documentforce.com/profilephoto/7295w000000W2mR/F","Brandy Mullins",,"2020-05-27T03:49:09.000Z","Andrew Martin","0055w00000D4KBgAAN","Brandy Mullins","Brandy Mullins","Brandy Mullins/Andrew Martin/Elliot Executive/Sam Ennis","Andrew Martin","Andrew Martin","Data.com","00E5w000004erLyEAI","Micromenders","true","Low","true","RVP West","HI",,"2018-10-11T07:00:00.000Z","West Sales","Micromenders 246","00E5w000004erLzEAI","2019_05","RVPWest","00E5w000004erLvEAI","https://samennis-20200526-demo--c.documentforce.com/profilephoto/7295w000000W2mR/T","Consulting","Corporate","bmullins1590550477755@demo.user","Micromenders","Brandy Mullins","WestSales",,39.2214,9929000,52,39
"0015w00002DFNyEAAX","00E5w000004erLzEAI/00E5w000004erM0EAI/00E5w000004erLvEAI","0065w000022R2asAAC","Intersolutions Inc","https://samennis-20200526-demo--c.documentforce.com/profilephoto/7295w000000W2mR/F","Brandy Mullins",,"2020-05-27T03:54:24.000Z","Andrew Martin","0055w00000D4KBgAAN","Brandy Mullins","Brandy Mullins","Brandy Mullins/Andrew Martin/Elliot Executive/Sam Ennis","Andrew Martin","Andrew Martin","Data.com","00E5w000004erLyEAI","Intersolutions Inc","true","Low","true","RVP West","AK",,"2019-04-07T07:00:00.000Z","West Sales","Intersolutions Inc 40","00E5w000004erLzEAI","2019_05","RVPWest","00E5w000004erLvEAI","https://samennis-20200526-demo--c.documentforce.com/profilephoto/7295w000000W2mR/T","Government","Corporate","bmullins1590550477755@demo.user","Intersolutions Inc","Brandy Mullins","WestSales",,7.5833,9099000,41702,8
"0015w00002DFNxvAAH","00E5w000004erLxEAI/00E5w000004erM0EAI/00E5w000004erLvEAI","0065w000022R2aUAAS","Pitney Bowes Distribution Ctr","https://samennis-20200526-demo--c.documentforce.com/profilephoto/7295w000000W2ne/F","Robin Montgomery",,"2020-05-27T03:54:24.000Z","Elliot Executive","0055w00000D4KBnAAN","Robin Montgomery","Robin Montgomery","Robin Montgomery/John Chen/Elliot Executive/Sam Ennis","Elliot Executive","John Chen","Marketing Event","00E5w000004erLwEAI","Pitney Bowes Distribution Ctr","true","Low","true","RVP Central","IN",,"2019-02-18T08:00:00.000Z","Central Sales","Pitney Bowes Distribution Ctr 142","00E5w000004erLxEAI","2019_05","RVPCentral","00E5w000004erLvEAI","https://samennis-20200526-demo--c.documentforce.com/profilephoto/7295w000000W2ne/T","Chemicals","Corporate","rmontgom1590550477800@demo.user","Pitney Bowes Distribution Ctr","Robin Montgomery","CentralSales",,7,6858000,61166,7
"0015w00002DFNJBAA5","00E5w000004erLzEAI/00E5w000004erM0EAI/00E5w000004erLvEAI","0065w000022R1i9AAC","CyberTrader","https://samennis-20200526-demo--c.documentforce.com/profilephoto/7295w000000W2nP/F","Heather Greer",,"2020-05-27T03:49:30.000Z","Andrew Martin","0055w00000D4KBpAAN","Heather Greer","Heather Greer","Heather Greer/Andrew Martin/Elliot Executive/Sam Ennis","Andrew Martin","Andrew Martin","Data.com","00E5w000004erLyEAI","CyberTrader","true","Low","true","RVP West","UT",,"2019-03-03T08:00:00.000Z","West Sales","CyberTrader 38","00E5w000004erLzEAI","2019_05","RVPWest","00E5w000004erLvEAI","https://samennis-20200526-demo--c.documentforce.com/profilephoto/7295w000000W2nP/T","Recreation","Corporate","hgreer1590550477812@demo.user","CyberTrader","Heather Greer","WestSales",,14,9551000,115,14
"0015w00002DFNVjAAP","00E5w000004erLxEAI/00E5w000004erM0EAI/00E5w000004erLvEAI","0065w000022R1zVAAS","F5(formerly Uroam )(formerly Filanet Cor","https://samennis-20200526-demo--c.documentforce.com/profilephoto/7295w000000W2ne/F","Robin Montgomery",,"2020-05-27T03:51:31.000Z","Elliot Executive","0055w00000D4KBnAAN","Robin Montgomery","Robin Montgomery","Robin Montgomery/John Chen/Elliot Executive/Sam Ennis","Elliot Executive","John Chen","Website","00E5w000004erLwEAI","F5(formerly Uroam )(formerly Filanet Cor","true","Low","true","RVP Central","IN",,"2019-11-09T08:00:00.000Z","Central Sales","F5(formerly Uroam )(formerly Filanet Cor 201","00E5w000004erLxEAI","2019_05","RVPCentral","00E5w000004erLvEAI","https://samennis-20200526-demo--c.documentforce.com/profilephoto/7295w000000W2ne/T","Energy","Corporate","rmontgom1590550477800@demo.user","F5(formerly Uroam )(formerly Filanet Cor","Robin Montgomery","CentralSales",,0.5938,3359000,180,1
"0015w00002DFNTpAAP","00E5w000004erLxEAI/00E5w000004erM0EAI/00E5w000004erLvEAI","0065w000022R1wwAAC","Pimo.net","https://samennis-20200526-demo--c.documentforce.com/profilephoto/7295w000000W2mW/F","Crystal Stevens",,"2020-05-27T03:50:14.000Z","Crystal Stevens","0055w00000D4KBsAAN","Crystal Stevens","Crystal Stevens","Crystal Stevens/John Chen/Elliot Executive/Sam Ennis","Crystal Stevens","John Chen","Inbound Call","00E5w000004erLwEAI","Pimo.net","true","Low","true","RVP Central","WI",,"2018-06-17T07:00:00.000Z","Central Sales","Pimo.net 156","00E5w000004erLxEAI","2019_05","RVPCentral","00E5w000004erLvEAI","https://samennis-20200526-demo--c.documentforce.com/profilephoto/7295w000000W2mW/T","Entertainment","Corporate","cstevens1590550477831@demo.user","Pimo.net","Crystal Stevens","CentralSales",,10.9855,4196000,210,11
"0015w00002DFNJEAA5","00E5w000004erLzEAI/00E5w000004erM0EAI/00E5w000004erLvEAI","0065w000022R1iCAAS","WCOIL   Ltd","https://samennis-20200526-demo--c.documentforce.com/profilephoto/7295w000000W2nK/F","Amanda Hernandez",,"2020-05-27T03:49:30.000Z","Amanda Hernandez","0055w00000D4KBfAAN","Amanda Hernandez","Amanda Hernandez","Amanda Hernandez/Andrew Martin/Elliot Executive/Sam Ennis","Amanda Hernandez","Andrew Martin","Inbound Call","00E5w000004erLyEAI","WCOIL   Ltd","true","Medium","true","RVP West","WA",,"2020-01-31T08:00:00.000Z","West Sales","WCOIL   Ltd 148","00E5w000004erLzEAI","2019_06","RVPWest","00E5w000004erLvEAI","https://samennis-20200526-demo--c.documentforce.com/profilephoto/7295w000000W2nK/T","Chemicals","Corporate","ahernand1590550477747@demo.user","WCOIL   Ltd","Amanda Hernandez","WestSales",,79.2856,2181000,159,79
"0015w00002DFO6tAAH","00E5w000004erLxEAI/00E5w000004erM0EAI/00E5w000004erLvEAI","0065w000022R2lZAAS","OnDemand Inc","https://samennis-20200526-demo--c.documentforce.com/profilephoto/7295w000000W2nU/F","Rebecca Gonzalez",,"2020-05-27T03:55:53.000Z","Elliot Executive","0055w00000D4KBtAAN","Rebecca Gonzalez","Rebecca Gonzalez","Rebecca Gonzalez/John Chen/Elliot Executive/Sam Ennis","Elliot Executive","John Chen","Marketing Event","00E5w000004erLwEAI","OnDemand Inc","true","Low","true","RVP Central","NJ",,"2018-06-09T07:00:00.000Z","Central Sales","OnDemand Inc 87","00E5w000004erLxEAI","2019_06","RVPCentral","00E5w000004erLvEAI","https://samennis-20200526-demo--c.documentforce.com/profilephoto/7295w000000W2nU/T","Energy","Enterprise","rgonzale1590550477838@demo.user","OnDemand Inc","Rebecca Gonzalez","CentralSales",,12.1298,1145751000,215,12
"0015w00002DFO7xAAH","00E5w000004erLxEAI/00E5w000004erM0EAI/00E5w000004erLvEAI","0065w000022R2mzAAC","John Q. Hammons Hotels","https://samennis-20200526-demo--c.documentforce.com/profilephoto/7295w000000W2mW/F","Crystal Stevens",,"2020-05-27T03:55:53.000Z","Crystal Stevens","0055w00000D4KBsAAN","Crystal Stevens","Crystal Stevens","Crystal Stevens/John Chen/Elliot Executive/Sam Ennis","Crystal Stevens","John Chen","Community","00E5w000004erLwEAI","John Q. Hammons Hotels","true","Low","true","RVP Central","NY",,"2020-02-19T08:00:00.000Z","Central Sales","John Q. Hammons Hotels 236","00E5w000004erLxEAI","2019_06","RVPCentral","00E5w000004erLvEAI","https://samennis-20200526-demo--c.documentforce.com/profilephoto/7295w000000W2mW/T","Machinery","Enterprise","cstevens1590550477831@demo.user","John Q. Hammons Hotels","Crystal Stevens","CentralSales",,0.3182,1848259000,3821,0
"0015w00002DFNI4AAP","00E5w000004erLzEAI/00E5w000004erM0EAI/00E5w000004erLvEAI","0065w000022R1gbAAC","Toledo Medical Imaging","https://samennis-20200526-demo--c.documentforce.com/profilephoto/7295w000000W2nF/F","Mary Powers",,"2020-05-27T03:49:30.000Z","Andrew Martin","0055w00000D4KBeAAN","Mary Powers","Mary Powers","Mary Powers/Andrew Martin/Elliot Executive/Sam Ennis","Andrew Martin","Andrew Martin","Referral","00E5w000004erLyEAI","Toledo Medical Imaging","true","Low","true","RVP West","AK",,"2019-05-11T07:00:00.000Z","West Sales","Toledo Medical Imaging 133","00E5w000004erLzEAI","2019_06","RVPWest","00E5w000004erLvEAI","https://samennis-20200526-demo--c.documentforce.com/profilephoto/7295w000000W2nF/T","Consulting","Corporate","mpowers1590550477739@demo.user","Toledo Medical Imaging","Mary Powers","WestSales",,27.7961,4289000,124,28
"0015w00002DFNxvAAH","00E5w000004erLxEAI/00E5w000004erM0EAI/00E5w000004erLvEAI","0065w000022R2aUAAS","Pitney Bowes Distribution Ctr","https://samennis-20200526-demo--c.documentforce.com/profilephoto/7295w000000W2ne/F","Robin Montgomery",,"2020-05-27T03:54:24.000Z","Elliot Executive","0055w00000D4KBnAAN","Robin Montgomery","Robin Montgomery","Robin Montgomery/John Chen/Elliot Executive/Sam Ennis","Elliot Executive","John Chen","Marketing Event","00E5w000004erLwEAI","Pitney Bowes Distribution Ctr","true","High","true","RVP Central","IN",,"2019-02-18T08:00:00.000Z","Central Sales","Pitney Bowes Distribution Ctr 142","00E5w000004erLxEAI","2019_06","RVPCentral","00E5w000004erLvEAI","https://samennis-20200526-demo--c.documentforce.com/profilephoto/7295w000000W2ne/T","Chemicals","Corporate","rmontgom1590550477800@demo.user","Pitney Bowes Distribution Ctr","Robin Montgomery","CentralSales",,126.728,6858000,61166,127
"0015w00002DFNKRAA5","00E5w000004erLxEAI/00E5w000004erM0EAI/00E5w000004erLvEAI","0065w000022R1jvAAC","DCI HOLDINGS","https://samennis-20200526-demo--c.documentforce.com/profilephoto/7295w000000W2nZ/F","Michelle Stanley",,"2020-05-27T03:49:40.000Z","Elliot Executive","0055w00000D4KBrAAN","Michelle Stanley","Michelle Stanley","Michelle Stanley/John Chen/Elliot Executive/Sam Ennis","Elliot Executive","John Chen","Referral","00E5w000004erLwEAI","DCI HOLDINGS","true","Low","true","RVP Central","IL",,"2018-05-30T07:00:00.000Z","Central Sales","DCI HOLDINGS 182","00E5w000004erLxEAI","2019_06","RVPCentral","00E5w000004erLvEAI","https://samennis-20200526-demo--c.documentforce.com/profilephoto/7295w000000W2nZ/T","Shipping","Corporate","mstanley1590550477825@demo.user","DCI HOLDINGS","Michelle Stanley","CentralSales",,0,9883000,173,0
"0015w00002DFOD8AAP","00E5w000004erLxEAI/00E5w000004erM0EAI/00E5w000004erLvEAI","0065w000022R2tWAAS","Navagate","https://samennis-20200526-demo--c.documentforce.com/profilephoto/7295w000000W2nZ/F","Michelle Stanley",,"2020-05-27T03:56:17.000Z","Elliot Executive","0055w00000D4KBrAAN","Michelle Stanley","Michelle Stanley","Michelle Stanley/John Chen/Elliot Executive/Sam Ennis","Elliot Executive","John Chen","Cold Call","00E5w000004erLwEAI","Navagate","true","Medium","true","RVP Central","NE",,"2019-12-29T08:00:00.000Z","Central Sales","Navagate 245","00E5w000004erLxEAI","2019_06","RVPCentral","00E5w000004erLvEAI","https://samennis-20200526-demo--c.documentforce.com/profilephoto/7295w000000W2nZ/T","Education","T100","mstanley1590550477825@demo.user","Navagate","Michelle Stanley","CentralSales",,94.5,4569487000,104162,95
"0015w00002DFNzwAAH","00E5w000004erM7EAI/00E5w000004erM0EAI/00E5w000004erLvEAI","0065w000022R2d3AAC","advisor square","https://samennis-20200526-demo--c.documentforce.com/profilephoto/7295w000000W2mv/F","Brian Norris",,"2020-05-27T03:54:34.000Z","Brian Norris","0055w00000D4KBiAAN","Brian Norris","Brian Norris","Brian Norris/Edwin Tucker/Elliot Executive/Sam Ennis","Brian Norris","Edwin Tucker","Marketing Event","00E5w000004erM5EAI","advisor square","true","Low","true","RVP East","SC",,"2019-11-29T08:00:00.000Z","East Sales","advisor square 110","00E5w000004erM7EAI","2019_06","RVPEast","00E5w000004erLvEAI","https://samennis-20200526-demo--c.documentforce.com/profilephoto/7295w000000W2mv/T","Government","SMB","bnorris1590550477769@demo.user","advisor square","Brian Norris","EastSales",,0,39470000,148,0
"0015w00002DFNY1AAP","00E5w000004erLzEAI/00E5w000004erM0EAI/00E5w000004erLvEAI","0065w000022R22ZAAS","BlackBoard Connect","https://samennis-20200526-demo--c.documentforce.com/profilephoto/7295w000000W2nA/F","Kristen Miller",,"2020-05-27T03:51:40.000Z","Andrew Martin","0055w00000D4KBqAAN","Kristen Miller","Kristen Miller","Kristen Miller/Andrew Martin/Elliot Executive/Sam Ennis","Andrew Martin","Andrew Martin","Cold Call","00E5w000004erLyEAI","BlackBoard Connect","true","Low","true","RVP West","NV",,"2019-04-28T07:00:00.000Z","West Sales","BlackBoard Connect 39","00E5w000004erLzEAI","2019_07","RVPWest","00E5w000004erLvEAI","https://samennis-20200526-demo--c.documentforce.com/profilephoto/7295w000000W2nA/T","Manufacturing","Corporate","kmiller1590550477818@demo.user","BlackBoard Connect","Kristen Miller","WestSales",,14,4200000,75,14
"0015w00002DFNpUAAX","00E5w000004erLxEAI/00E5w000004erM0EAI/00E5w000004erLvEAI","0065w000022R2OmAAK","Baron Group Inc","https://samennis-20200526-demo--c.documentforce.com/profilephoto/7295w000000W2ne/F","Robin Montgomery",,"2020-05-27T03:53:44.000Z","Elliot Executive","0055w00000D4KBnAAN","Robin Montgomery","Robin Montgomery","Robin Montgomery/John Chen/Elliot Executive/Sam Ennis","Elliot Executive","John Chen","Inbound Call","00E5w000004erLwEAI","Baron Group Inc","true","Low","true","RVP Central","NJ",,"2020-02-19T08:00:00.000Z","Central Sales","Baron Group Inc 118","00E5w000004erLxEAI","2019_10","RVPCentral","00E5w000004erLvEAI","https://samennis-20200526-demo--c.documentforce.com/profilephoto/7295w000000W2ne/T","Manufacturing","Corporate","rmontgom1590550477800@demo.user","Baron Group Inc","Robin Montgomery","CentralSales",,2.3333,5782000,153,2
"0015w00002DFNjeAAH","00E5w000004erLxEAI/00E5w000004erM0EAI/00E5w000004erLvEAI","0065w000022R2H9AAK","Intelsat Corporation","https://samennis-20200526-demo--c.documentforce.com/profilephoto/7295w000000W2nZ/F","Michelle Stanley",,"2020-05-27T03:52:30.000Z","Elliot Executive","0055w00000D4KBrAAN","Michelle Stanley","Michelle Stanley","Michelle Stanley/John Chen/Elliot Executive/Sam Ennis","Elliot Executive","John Chen","Marketing Event","00E5w000004erLwEAI","Intelsat Corporation","true","High","true","RVP Central","LA",,"2019-05-26T07:00:00.000Z","Central Sales","Intelsat Corporation 11","00E5w000004erLxEAI","2019_10","RVPCentral","00E5w000004erLvEAI","https://samennis-20200526-demo--c.documentforce.com/profilephoto/7295w000000W2nZ/T","Education","Corporate","mstanley1590550477825@demo.user","Intelsat Corporation","Michelle Stanley","CentralSales",,265.85,8056000,178,266
"0015w00002DFNLUAA5","00E5w000004erLxEAI/00E5w000004erM0EAI/00E5w000004erLvEAI","0065w000022R1lOAAS","Arbitration Solutions","https://samennis-20200526-demo--c.documentforce.com/profilephoto/7295w000000W2nU/F","Rebecca Gonzalez",,"2020-05-27T03:49:40.000Z","Elliot Executive","0055w00000D4KBtAAN","Rebecca Gonzalez","Rebecca Gonzalez","Rebecca Gonzalez/John Chen/Elliot Executive/Sam Ennis","Elliot Executive","John Chen","Data.com","00E5w000004erLwEAI","Arbitration Solutions","true","Medium","true","RVP Central","MO",,"2019-08-20T07:00:00.000Z","Central Sales","Arbitration Solutions 38","00E5w000004erLxEAI","2019_10","RVPCentral","00E5w000004erLvEAI","https://samennis-20200526-demo--c.documentforce.com/profilephoto/7295w000000W2nU/T","Retail","Corporate","rgonzale1590550477838@demo.user","Arbitration Solutions","Rebecca Gonzalez","CentralSales",,81.9298,3532000,112,82
"0015w00002DFNQ2AAP","00E5w000004erLzEAI/00E5w000004erM0EAI/00E5w000004erLvEAI","0065w000022R1s1AAC","SunTrust Banks","https://samennis-20200526-demo--c.documentforce.com/profilephoto/7295w000000W2nK/F","Amanda Hernandez",,"2020-05-27T03:49:58.000Z","Amanda Hernandez","0055w00000D4KBfAAN","Amanda Hernandez","Amanda Hernandez","Amanda Hernandez/Andrew Martin/Elliot Executive/Sam Ennis","Amanda Hernandez","Andrew Martin","Social Media","00E5w000004erLyEAI","SunTrust Banks","true","Low","true","RVP West","CO",,"2018-08-14T07:00:00.000Z","West Sales","SunTrust Banks 33","00E5w000004erLzEAI","2019_10","RVPWest","00E5w000004erLvEAI","https://samennis-20200526-demo--c.documentforce.com/profilephoto/7295w000000W2nK/T","Manufacturing","Corporate","ahernand1590550477747@demo.user","SunTrust Banks","Amanda Hernandez","WestSales",,2.3333,6586000,135,2
"0015w00002DFOCHAA5","00E5w000004erLzEAI/00E5w000004erM0EAI/00E5w000004erLvEAI","0065w000022R2sNAAS","Unitus Leadership Systems","https://samennis-20200526-demo--c.documentforce.com/profilephoto/7295w000000W2nP/F","Heather Greer",,"2020-05-27T03:56:17.000Z","Andrew Martin","0055w00000D4KBpAAN","Heather Greer","Heather Greer","Heather Greer/Andrew Martin/Elliot Executive/Sam Ennis","Andrew Martin","Andrew Martin","Cold Call","00E5w000004erLyEAI","Unitus Leadership Systems","true","Low","true","RVP West","MT",,"2018-08-27T07:00:00.000Z","West Sales","Unitus Leadership Systems 61","00E5w000004erLzEAI","2019_10","RVPWest","00E5w000004erLvEAI","https://samennis-20200526-demo--c.documentforce.com/profilephoto/7295w000000W2nP/T","Transportation","T100","hgreer1590550477812@demo.user","Unitus Leadership Systems","Heather Greer","WestSales",,30.1061,4343760000,22732,30
"0015w00002DFNI4AAP","00E5w000004erLzEAI/00E5w000004erM0EAI/00E5w000004erLvEAI","0065w000022R1gbAAC","Toledo Medical Imaging","https://samennis-20200526-demo--c.documentforce.com/profilephoto/7295w000000W2nF/F","Mary Powers",,"2020-05-27T03:49:30.000Z","Andrew Martin","0055w00000D4KBeAAN","Mary Powers","Mary Powers","Mary Powers/Andrew Martin/Elliot Executive/Sam Ennis","Andrew Martin","Andrew Martin","Referral","00E5w000004erLyEAI","Toledo Medical Imaging","true","Low","true","RVP West","AK",,"2019-05-11T07:00:00.000Z","West Sales","Toledo Medical Imaging 133","00E5w000004erLzEAI","2019_10","RVPWest","00E5w000004erLvEAI","https://samennis-20200526-demo--c.documentforce.com/profilephoto/7295w000000W2nF/T","Consulting","Corporate","mpowers1590550477739@demo.user","Toledo Medical Imaging","Mary Powers","WestSales",,27.7961,4289000,124,28
"0015w00002DFNiYAAX","00E5w000004erM7EAI/00E5w000004erM0EAI/00E5w000004erLvEAI","0065w000022R2FgAAK","Ican Software","https://samennis-20200526-demo--c.documentforce.com/profilephoto/7295w000000W2n5/F","Steven Mathis",,"2020-05-27T03:52:21.000Z","Edwin Tucker","0055w00000D4KBlAAN","Steven Mathis","Steven Mathis","Steven Mathis/Edwin Tucker/Elliot Executive/Sam Ennis","Edwin Tucker","Edwin Tucker","Referral","00E5w000004erM5EAI","Ican Software","true","Low","true","RVP East","NH",,"2019-03-05T08:00:00.000Z","East Sales","Ican Software 36","00E5w000004erM7EAI","2019_10","RVPEast","00E5w000004erLvEAI","https://samennis-20200526-demo--c.documentforce.com/profilephoto/7295w000000W2n5/T","Machinery","Corporate","smathis1590550477787@demo.user","Ican Software","Steven Mathis","EastSales",,0,7615000,148,0
"0015w00002DFO9uAAH","00E5w000004erLxEAI/00E5w000004erM0EAI/00E5w000004erLvEAI","0065w000022R2pOAAS","Johns-Byrne Company","https://samennis-20200526-demo--c.documentforce.com/profilephoto/7295w000000W2mW/F","Crystal Stevens",,"2020-05-27T03:56:04.000Z","Crystal Stevens","0055w00000D4KBsAAN","Crystal Stevens","Crystal Stevens","Crystal Stevens/John Chen/Elliot Executive/Sam Ennis","Crystal Stevens","John Chen","Partner","00E5w000004erLwEAI","Johns-Byrne Company","true","Low","true","RVP Central","NJ",,"2019-03-04T08:00:00.000Z","Central Sales","Johns-Byrne Company 20","00E5w000004erLxEAI","2019_10","RVPCentral","00E5w000004erLvEAI","https://samennis-20200526-demo--c.documentforce.com/profilephoto/7295w000000W2mW/T","Healthcare & Life Sciences","Enterprise","cstevens1590550477831@demo.user","Johns-Byrne Company","Crystal Stevens","CentralSales",,0,1692396000,90653,0
"0015w00002DFNsbAAH","00E5w000004erLzEAI/00E5w000004erM0EAI/00E5w000004erLvEAI","0065w000022R2T5AAK","GENCO Distribution System","https://samennis-20200526-demo--c.documentforce.com/profilephoto/7295w000000W2nF/F","Mary Powers",,"2020-05-27T03:54:04.000Z","Andrew Martin","0055w00000D4KBeAAN","Mary Powers","Mary Powers","Mary Powers/Andrew Martin/Elliot Executive/Sam Ennis","Andrew Martin","Andrew Martin","Social Media","00E5w000004erLyEAI","GENCO Distribution System","true","Low","true","RVP West","AZ",,"2019-11-08T08:00:00.000Z","West Sales","GENCO Distribution System 1","00E5w000004erLzEAI","2019_10","RVPWest","00E5w000004erLvEAI","https://samennis-20200526-demo--c.documentforce.com/profilephoto/7295w000000W2nF/T","Energy","Corporate","mpowers1590550477739@demo.user","GENCO Distribution System","Mary Powers","WestSales",,0,8919000,164,0
"0015w00002DFNfVAAX","00E5w000004erM7EAI/00E5w000004erM0EAI/00E5w000004erLvEAI","0065w000022R2BnAAK","IBM Software / Tivoli / Micromuse","https://samennis-20200526-demo--c.documentforce.com/profilephoto/7295w000000W2mg/F","Kaitlyn Guerrero",,"2020-05-27T03:52:11.000Z","Edwin Tucker","0055w00000D4KBkAAN","Kaitlyn Guerrero","Kaitlyn Guerrero","Kaitlyn Guerrero/Edwin Tucker/Elliot Executive/Sam Ennis","Edwin Tucker","Edwin Tucker","Partner","00E5w000004erM5EAI","IBM Software / Tivoli / Micromuse","true","High","true","RVP East","VA",,"2020-02-07T08:00:00.000Z","East Sales","IBM Software / Tivoli / Micromuse 22","00E5w000004erM7EAI","2019_10","RVPEast","00E5w000004erLvEAI","https://samennis-20200526-demo--c.documentforce.com/profilephoto/7295w000000W2mg/T","Hospitality","Corporate","kguerrer1590550477782@demo.user","IBM Software / Tivoli / Micromuse","Kaitlyn Guerrero","EastSales",,413,9650000,8,413
"0015w00002DFNYRAA5","00E5w000004erLzEAI/00E5w000004erM0EAI/00E5w000004erLvEAI","0065w000022R237AAC","lionheart medical","https://samennis-20200526-demo--c.documentforce.com/profilephoto/7295w000000W2mR/F","Brandy Mullins",,"2020-05-27T03:51:40.000Z","Andrew Martin","0055w00000D4KBgAAN","Brandy Mullins","Brandy Mullins","Brandy Mullins/Andrew Martin/Elliot Executive/Sam Ennis","Andrew Martin","Andrew Martin","Data.com","00E5w000004erLyEAI","lionheart medical","true","Medium","true","RVP West","OR",,"2019-10-08T07:00:00.000Z","West Sales","lionheart medical 107","00E5w000004erLzEAI","2019_07","RVPWest","00E5w000004erLvEAI","https://samennis-20200526-demo--c.documentforce.com/profilephoto/7295w000000W2mR/T","Utilities","Corporate","bmullins1590550477755@demo.user","lionheart medical","Brandy Mullins","WestSales",,89.3193,5845000,15,89
"0015w00002DFNWGAA5","00E5w000004erLxEAI/00E5w000004erM0EAI/00E5w000004erLvEAI","0065w000022R208AAC","Celebrate As One","https://samennis-20200526-demo--c.documentforce.com/profilephoto/7295w000000W2nU/F","Rebecca Gonzalez",,"2020-05-27T03:51:31.000Z","Elliot Executive","0055w00000D4KBtAAN","Rebecca Gonzalez","Rebecca Gonzalez","Rebecca Gonzalez/John Chen/Elliot Executive/Sam Ennis","Elliot Executive","John Chen","Inbound Call","00E5w000004erLwEAI","Celebrate As One","true","Low","true","RVP Central","OH",,"2019-01-04T08:00:00.000Z","Central Sales","Celebrate As One 181","00E5w000004erLxEAI","2019_07","RVPCentral","00E5w000004erLvEAI","https://samennis-20200526-demo--c.documentforce.com/profilephoto/7295w000000W2nU/T","Energy","Corporate","rgonzale1590550477838@demo.user","Celebrate As One","Rebecca Gonzalez","CentralSales",,7.0117,5907000,182,7
"0015w00002DFNEmAAP","00E5w000004erLzEAI/00E5w000004erM0EAI/00E5w000004erLvEAI","0065w000022R1c5AAC","Micromenders","https://samennis-20200526-demo--c.documentforce.com/profilephoto/7295w000000W2mR/F","Brandy Mullins",,"2020-05-27T03:49:09.000Z","Andrew Martin","0055w00000D4KBgAAN","Brandy Mullins","Brandy Mullins","Brandy Mullins/Andrew Martin/Elliot Executive/Sam Ennis","Andrew Martin","Andrew Martin","Data.com","00E5w000004erLyEAI","Micromenders","true","Medium","true","RVP West","HI",,"2018-10-11T07:00:00.000Z","West Sales","Micromenders 246","00E5w000004erLzEAI","2019_07","RVPWest","00E5w000004erLvEAI","https://samennis-20200526-demo--c.documentforce.com/profilephoto/7295w000000W2mR/T","Consulting","Corporate","bmullins1590550477755@demo.user","Micromenders","Brandy Mullins","WestSales",,50.4156,9929000,52,50
"0015w00002DFNXLAA5","00E5w000004erLzEAI/00E5w000004erM0EAI/00E5w000004erLvEAI","0065w000022R21cAAC","Airspeak Inc","https://samennis-20200526-demo--c.documentforce.com/profilephoto/7295w000000W2mR/F","Brandy Mullins",,"2020-05-27T03:51:40.000Z","Andrew Martin","0055w00000D4KBgAAN","Brandy Mullins","Brandy Mullins","Brandy Mullins/Andrew Martin/Elliot Executive/Sam Ennis","Andrew Martin","Andrew Martin","Data.com","00E5w000004erLyEAI","Airspeak Inc","true","High","true","RVP West","CA",,"2019-01-03T08:00:00.000Z","West Sales","Airspeak Inc 170","00E5w000004erLzEAI","2019_07","RVPWest","00E5w000004erLvEAI","https://samennis-20200526-demo--c.documentforce.com/profilephoto/7295w000000W2mR/T","Healthcare & Life Sciences","Corporate","bmullins1590550477755@demo.user","Airspeak Inc","Brandy Mullins","WestSales",,706.6441,6788000,144,707
"0015w00002DFNfVAAX","00E5w000004erM7EAI/00E5w000004erM0EAI/00E5w000004erLvEAI","0065w000022R2BnAAK","IBM Software / Tivoli / Micromuse","https://samennis-20200526-demo--c.documentforce.com/profilephoto/7295w000000W2mg/F","Kaitlyn Guerrero",,"2020-05-27T03:52:11.000Z","Edwin Tucker","0055w00000D4KBkAAN","Kaitlyn Guerrero","Kaitlyn Guerrero","Kaitlyn Guerrero/Edwin Tucker/Elliot Executive/Sam Ennis","Edwin Tucker","Edwin Tucker","Partner","00E5w000004erM5EAI","IBM Software / Tivoli / Micromuse","true","High","true","RVP East","VA",,"2020-02-07T08:00:00.000Z","East Sales","IBM Software / Tivoli / Micromuse 22","00E5w000004erM7EAI","2019_07","RVPEast","00E5w000004erLvEAI","https://samennis-20200526-demo--c.documentforce.com/profilephoto/7295w000000W2mg/T","Hospitality","Corporate","kguerrer1590550477782@demo.user","IBM Software / Tivoli / Micromuse","Kaitlyn Guerrero","EastSales",,283.5,9650000,8,284
"0015w00002DFNZQAA5","00E5w000004erM7EAI/00E5w000004erM0EAI/00E5w000004erLvEAI","0065w000022R24MAAS","InterAmerica Technologies","https://samennis-20200526-demo--c.documentforce.com/profilephoto/7295w000000W2mq/F","Alexander Cruz",,"2020-05-27T03:51:50.000Z","Alexander Cruz","0055w00000D4KBdAAN","Alexander Cruz","Alexander Cruz","Alexander Cruz/Edwin Tucker/Elliot Executive/Sam Ennis","Alexander Cruz","Edwin Tucker","Website","00E5w000004erM5EAI","InterAmerica Technologies","true","Medium","true","RVP East","MA",,"2020-05-11T07:00:00.000Z","East Sales","InterAmerica Technologies 111","00E5w000004erM7EAI","2019_08","RVPEast","00E5w000004erLvEAI","https://samennis-20200526-demo--c.documentforce.com/profilephoto/7295w000000W2mq/T","Engineering","Corporate","acruz1590550477724@demo.user","InterAmerica Technologies","Alexander Cruz","EastSales",,67.0836,4035000,86,67
"0015w00002DFNVoAAP","00E5w000004erLzEAI/00E5w000004erM0EAI/00E5w000004erLvEAI","0065w000022R1zaAAC","Torto Wheaton Research","https://samennis-20200526-demo--c.documentforce.com/profilephoto/7295w000000W2nK/F","Amanda Hernandez",,"2020-05-27T03:51:31.000Z","Amanda Hernandez","0055w00000D4KBfAAN","Amanda Hernandez","Amanda Hernandez","Amanda Hernandez/Andrew Martin/Elliot Executive/Sam Ennis","Amanda Hernandez","Andrew Martin","Community","00E5w000004erLyEAI","Torto Wheaton Research","true","Low","true","RVP West","UT",,"2019-05-29T07:00:00.000Z","West Sales","Torto Wheaton Research 34","00E5w000004erLzEAI","2019_08","RVPWest","00E5w000004erLvEAI","https://samennis-20200526-demo--c.documentforce.com/profilephoto/7295w000000W2nK/T","Telecommunications","Corporate","ahernand1590550477747@demo.user","Torto Wheaton Research","Amanda Hernandez","WestSales",,48.4615,7306000,75,48
"0015w00002DFNxFAAX","00E5w000004erLzEAI/00E5w000004erM0EAI/00E5w000004erLvEAI","0065w000022R2ZYAA0","Palaver Communications","https://samennis-20200526-demo--c.documentforce.com/profilephoto/7295w000000W2nF/F","Mary Powers",,"2020-05-27T03:54:24.000Z","Andrew Martin","0055w00000D4KBeAAN","Mary Powers","Mary Powers","Mary Powers/Andrew Martin/Elliot Executive/Sam Ennis","Andrew Martin","Andrew Martin","Marketing Event","00E5w000004erLyEAI","Palaver Communications","true","Low","true","RVP West","UT",,"2018-10-29T07:00:00.000Z","West Sales","Palaver Communications 56","00E5w000004erLzEAI","2019_08","RVPWest","00E5w000004erLvEAI","https://samennis-20200526-demo--c.documentforce.com/profilephoto/7295w000000W2nF/T","Manufacturing","Corporate","mpowers1590550477739@demo.user","Palaver Communications","Mary Powers","WestSales",,1.9783,7054000,22491,2
"0015w00002DFOCHAA5","00E5w000004erLzEAI/00E5w000004erM0EAI/00E5w000004erLvEAI","0065w000022R2sNAAS","Unitus Leadership Systems","https://samennis-20200526-demo--c.documentforce.com/profilephoto/7295w000000W2nP/F","Heather Greer",,"2020-05-27T03:56:17.000Z","Andrew Martin","0055w00000D4KBpAAN","Heather Greer","Heather Greer","Heather Greer/Andrew Martin/Elliot Executive/Sam Ennis","Andrew Martin","Andrew Martin","Cold Call","00E5w000004erLyEAI","Unitus Leadership Systems","true","Low","true","RVP West","MT",,"2018-08-27T07:00:00.000Z","West Sales","Unitus Leadership Systems 61","00E5w000004erLzEAI","2019_08","RVPWest","00E5w000004erLvEAI","https://samennis-20200526-demo--c.documentforce.com/profilephoto/7295w000000W2nP/T","Transportation","T100","hgreer1590550477812@demo.user","Unitus Leadership Systems","Heather Greer","WestSales",,37.66,4343760000,22732,38
"0015w00002DFO9BAAX","00E5w000004erLzEAI/00E5w000004erM0EAI/00E5w000004erLvEAI","0065w000022R2oUAAS","Yuba Heat Transfer Division","https://samennis-20200526-demo--c.documentforce.com/profilephoto/7295w000000W2nK/F","Amanda Hernandez",,"2020-05-27T03:56:04.000Z","Amanda Hernandez","0055w00000D4KBfAAN","Amanda Hernandez","Amanda Hernandez","Amanda Hernandez/Andrew Martin/Elliot Executive/Sam Ennis","Amanda Hernandez","Andrew Martin","Community","00E5w000004erLyEAI","Yuba Heat Transfer Division","true","Low","true","RVP West","AK",,"2018-06-25T07:00:00.000Z","West Sales","Yuba Heat Transfer Division 171","00E5w000004erLzEAI","2019_08","RVPWest","00E5w000004erLvEAI","https://samennis-20200526-demo--c.documentforce.com/profilephoto/7295w000000W2nK/T","Recreation","Enterprise","ahernand1590550477747@demo.user","Yuba Heat Transfer Division","Amanda Hernandez","WestSales",,2.1212,1455771000,122400,2
"0015w00002DFNTWAA5","00E5w000004erLxEAI/00E5w000004erM0EAI/00E5w000004erLvEAI","0065w000022R1waAAC","Group Health Cooperative","https://samennis-20200526-demo--c.documentforce.com/profilephoto/7295w000000W2nZ/F","Michelle Stanley",,"2020-05-27T03:50:14.000Z","Elliot Executive","0055w00000D4KBrAAN","Michelle Stanley","Michelle Stanley","Michelle Stanley/John Chen/Elliot Executive/Sam Ennis","Elliot Executive","John Chen","Inbound Call","00E5w000004erLwEAI","Group Health Cooperative","true","Medium","true","RVP Central","MO",,"2019-04-28T07:00:00.000Z","Central Sales","Group Health Cooperative 131","00E5w000004erLxEAI","2019_08","RVPCentral","00E5w000004erLvEAI","https://samennis-20200526-demo--c.documentforce.com/profilephoto/7295w000000W2nZ/T","Energy","Corporate","mstanley1590550477825@demo.user","Group Health Cooperative","Michelle Stanley","CentralSales",,65.3333,2351000,120,65
"0015w00002DFNGIAA5","00E5w000004erLzEAI/00E5w000004erM0EAI/00E5w000004erLvEAI","0065w000022R1eCAAS","Transoft Networks","https://samennis-20200526-demo--c.documentforce.com/profilephoto/7295w000000W2nP/F","Heather Greer",,"2020-05-27T03:49:21.000Z","Andrew Martin","0055w00000D4KBpAAN","Heather Greer","Heather Greer","Heather Greer/Andrew Martin/Elliot Executive/Sam Ennis","Andrew Martin","Andrew Martin","Data.com","00E5w000004erLyEAI","Transoft Networks","true","Low","true","RVP West","WA",,"2020-03-02T08:00:00.000Z","West Sales","Transoft Networks 24","00E5w000004erLzEAI","2019_08","RVPWest","00E5w000004erLvEAI","https://samennis-20200526-demo--c.documentforce.com/profilephoto/7295w000000W2nP/T","Banking","Corporate","hgreer1590550477812@demo.user","Transoft Networks","Heather Greer","WestSales",,2.6923,4868000,203,3
"0015w00002DFNTeAAP","00E5w000004erLzEAI/00E5w000004erM0EAI/00E5w000004erLvEAI","0065w000022R1wjAAC","Kenwal Steel Corp.","https://samennis-20200526-demo--c.documentforce.com/profilephoto/7295w000000W2nB/F","Meagan Blevins",,"2020-05-27T03:50:14.000Z","Andrew Martin","0055w00000D4KBhAAN","Meagan Blevins","Meagan Blevins","Meagan Blevins/Andrew Martin/Elliot Executive/Sam Ennis","Andrew Martin","Andrew Martin","Social Media","00E5w000004erLyEAI","Kenwal Steel Corp.","true","Low","true","RVP West","WA",,"2019-06-27T07:00:00.000Z","West Sales","Kenwal Steel Corp. 254","00E5w000004erLzEAI","2019_08","RVPWest","00E5w000004erLvEAI","https://samennis-20200526-demo--c.documentforce.com/profilephoto/7295w000000W2nB/T","Consulting","Corporate","mblevins1590550477762@demo.user","Kenwal Steel Corp.","Meagan Blevins","WestSales",,14,4606000,173,14
"0015w00002DFNWGAA5","00E5w000004erLxEAI/00E5w000004erM0EAI/00E5w000004erLvEAI","0065w000022R208AAC","Celebrate As One","https://samennis-20200526-demo--c.documentforce.com/profilephoto/7295w000000W2nU/F","Rebecca Gonzalez",,"2020-05-27T03:51:31.000Z","Elliot Executive","0055w00000D4KBtAAN","Rebecca Gonzalez","Rebecca Gonzalez","Rebecca Gonzalez/John Chen/Elliot Executive/Sam Ennis","Elliot Executive","John Chen","Inbound Call","00E5w000004erLwEAI","Celebrate As One","true","Low","true","RVP Central","OH",,"2019-01-04T08:00:00.000Z","Central Sales","Celebrate As One 181","00E5w000004erLxEAI","2019_09","RVPCentral","00E5w000004erLvEAI","https://samennis-20200526-demo--c.documentforce.com/profilephoto/7295w000000W2nU/T","Energy","Corporate","rgonzale1590550477838@demo.user","Celebrate As One","Rebecca Gonzalez","CentralSales",,5.2976,5907000,182,5
"0015w00002DFNXLAA5","00E5w000004erLzEAI/00E5w000004erM0EAI/00E5w000004erLvEAI","0065w000022R21cAAC","Airspeak Inc","https://samennis-20200526-demo--c.documentforce.com/profilephoto/7295w000000W2mR/F","Brandy Mullins",,"2020-05-27T03:51:40.000Z","Andrew Martin","0055w00000D4KBgAAN","Brandy Mullins","Brandy Mullins","Brandy Mullins/Andrew Martin/Elliot Executive/Sam Ennis","Andrew Martin","Andrew Martin","Data.com","00E5w000004erLyEAI","Airspeak Inc","true","High","true","RVP West","CA",,"2019-01-03T08:00:00.000Z","West Sales","Airspeak Inc 170","00E5w000004erLzEAI","2019_09","RVPWest","00E5w000004erLvEAI","https://samennis-20200526-demo--c.documentforce.com/profilephoto/7295w000000W2mR/T","Healthcare & Life Sciences","Corporate","bmullins1590550477755@demo.user","Airspeak Inc","Brandy Mullins","WestSales",,663.854,6788000,144,664
"0015w00002DFNEmAAP","00E5w000004erLzEAI/00E5w000004erM0EAI/00E5w000004erLvEAI","0065w000022R1c5AAC","Micromenders","https://samennis-20200526-demo--c.documentforce.com/profilephoto/7295w000000W2mR/F","Brandy Mullins",,"2020-05-27T03:49:09.000Z","Andrew Martin","0055w00000D4KBgAAN","Brandy Mullins","Brandy Mullins","Brandy Mullins/Andrew Martin/Elliot Executive/Sam Ennis","Andrew Martin","Andrew Martin","Data.com","00E5w000004erLyEAI","Micromenders","true","Medium","true","RVP West","HI",,"2018-10-11T07:00:00.000Z","West Sales","Micromenders 246","00E5w000004erLzEAI","2019_09","RVPWest","00E5w000004erLvEAI","https://samennis-20200526-demo--c.documentforce.com/profilephoto/7295w000000W2mR/T","Consulting","Corporate","bmullins1590550477755@demo.user","Micromenders","Brandy Mullins","WestSales",,61.2307,9929000,52,61
"0015w00002DFNJBAA5","00E5w000004erLzEAI/00E5w000004erM0EAI/00E5w000004erLvEAI","0065w000022R1i9AAC","CyberTrader","https://samennis-20200526-demo--c.documentforce.com/profilephoto/7295w000000W2nP/F","Heather Greer",,"2020-05-27T03:49:30.000Z","Andrew Martin","0055w00000D4KBpAAN","Heather Greer","Heather Greer","Heather Greer/Andrew Martin/Elliot Executive/Sam Ennis","Andrew Martin","Andrew Martin","Data.com","00E5w000004erLyEAI","CyberTrader","true","Low","true","RVP West","UT",,"2019-03-03T08:00:00.000Z","West Sales","CyberTrader 38","00E5w000004erLzEAI","2019_09","RVPWest","00E5w000004erLvEAI","https://samennis-20200526-demo--c.documentforce.com/profilephoto/7295w000000W2nP/T","Recreation","Corporate","hgreer1590550477812@demo.user","CyberTrader","Heather Greer","WestSales",,12.6667,9551000,115,13
"0015w00002DFNTpAAP","00E5w000004erLxEAI/00E5w000004erM0EAI/00E5w000004erLvEAI","0065w000022R1wwAAC","Pimo.net","https://samennis-20200526-demo--c.documentforce.com/profilephoto/7295w000000W2mW/F","Crystal Stevens",,"2020-05-27T03:50:14.000Z","Crystal Stevens","0055w00000D4KBsAAN","Crystal Stevens","Crystal Stevens","Crystal Stevens/John Chen/Elliot Executive/Sam Ennis","Crystal Stevens","John Chen","Inbound Call","00E5w000004erLwEAI","Pimo.net","true","Low","true","RVP Central","WI",,"2018-06-17T07:00:00.000Z","Central Sales","Pimo.net 156","00E5w000004erLxEAI","2019_09","RVPCentral","00E5w000004erLvEAI","https://samennis-20200526-demo--c.documentforce.com/profilephoto/7295w000000W2mW/T","Entertainment","Corporate","cstevens1590550477831@demo.user","Pimo.net","Crystal Stevens","CentralSales",,11.808,4196000,210,12
"0015w00002DFO9uAAH","00E5w000004erLxEAI/00E5w000004erM0EAI/00E5w000004erLvEAI","0065w000022R2pOAAS","Johns-Byrne Company","https://samennis-20200526-demo--c.documentforce.com/profilephoto/7295w000000W2mW/F","Crystal Stevens",,"2020-05-27T03:56:04.000Z","Crystal Stevens","0055w00000D4KBsAAN","Crystal Stevens","Crystal Stevens","Crystal Stevens/John Chen/Elliot Executive/Sam Ennis","Crystal Stevens","John Chen","Partner","00E5w000004erLwEAI","Johns-Byrne Company","true","Low","true","RVP Central","NJ",,"2019-03-04T08:00:00.000Z","Central Sales","Johns-Byrne Company 20","00E5w000004erLxEAI","2019_09","RVPCentral","00E5w000004erLvEAI","https://samennis-20200526-demo--c.documentforce.com/profilephoto/7295w000000W2mW/T","Healthcare & Life Sciences","Enterprise","cstevens1590550477831@demo.user","Johns-Byrne Company","Crystal Stevens","CentralSales",,0,1692396000,90653,0
"0015w00002DFNCwAAP","00E5w000004erLzEAI/00E5w000004erM0EAI/00E5w000004erLvEAI","0065w000022R1ZTAA0","Cipient Networks Inc","https://samennis-20200526-demo--c.documentforce.com/profilephoto/7295w000000W2nF/F","Mary Powers",,"2020-05-27T03:49:09.000Z","Andrew Martin","0055w00000D4KBeAAN","Mary Powers","Mary Powers","Mary Powers/Andrew Martin/Elliot Executive/Sam Ennis","Andrew Martin","Andrew Martin","Partner","00E5w000004erLyEAI","Cipient Networks Inc","true","High","true","RVP West","WA",,"2019-08-14T07:00:00.000Z","West Sales","Cipient Networks Inc 16","00E5w000004erLzEAI","2019_09","RVPWest","00E5w000004erLvEAI","https://samennis-20200526-demo--c.documentforce.com/profilephoto/7295w000000W2nF/T","Engineering","Corporate","mpowers1590550477739@demo.user","Cipient Networks Inc","Mary Powers","WestSales",,202.5956,7269000,245,203
"0015w00002DFNtUAAX","00E5w000004erLxEAI/00E5w000004erM0EAI/00E5w000004erLvEAI","0065w000022R2UKAA0","Network Co.","https://samennis-20200526-demo--c.documentforce.com/profilephoto/7295w000000W2nU/F","Rebecca Gonzalez",,"2020-05-27T03:54:04.000Z","Elliot Executive","0055w00000D4KBtAAN","Rebecca Gonzalez","Rebecca Gonzalez","Rebecca Gonzalez/John Chen/Elliot Executive/Sam Ennis","Elliot Executive","John Chen","Inbound Call","00E5w000004erLwEAI","Network Co.","true","Low","true","RVP Central","IA",,"2018-10-21T07:00:00.000Z","Central Sales","Network Co. 198","00E5w000004erLxEAI","2019_09","RVPCentral","00E5w000004erLvEAI","https://samennis-20200526-demo--c.documentforce.com/profilephoto/7295w000000W2nU/T","Financial Services","Corporate","rgonzale1590550477838@demo.user","Network Co.","Rebecca Gonzalez","CentralSales",,7,5457000,236,7
"0015w00002DFO1RAAX","00E5w000004erM7EAI/00E5w000004erM0EAI/00E5w000004erLvEAI","0065w000022R2eNAAS","General Casualty Co","https://samennis-20200526-demo--c.documentforce.com/profilephoto/7295w000000W2mg/F","Kaitlyn Guerrero",,"2020-05-27T03:54:34.000Z","Edwin Tucker","0055w00000D4KBkAAN","Kaitlyn Guerrero","Kaitlyn Guerrero","Kaitlyn Guerrero/Edwin Tucker/Elliot Executive/Sam Ennis","Edwin Tucker","Edwin Tucker","Marketing Event","00E5w000004erM5EAI","General Casualty Co","true","Low","true","RVP East","NC",,"2020-04-30T07:00:00.000Z","East Sales","General Casualty Co 193","00E5w000004erM7EAI","2019_09","RVPEast","00E5w000004erLvEAI","https://samennis-20200526-demo--c.documentforce.com/profilephoto/7295w000000W2mg/T","Manufacturing","SMB","kguerrer1590550477782@demo.user","General Casualty Co","Kaitlyn Guerrero","EastSales",,1.0769,29123000,572,1
"0015w00002DFNL0AAP","00E5w000004erLxEAI/00E5w000004erM0EAI/00E5w000004erLvEAI","0065w000022R1kiAAC","ARI Network Services","https://samennis-20200526-demo--c.documentforce.com/profilephoto/7295w000000W2mW/F","Crystal Stevens",,"2020-05-27T03:49:40.000Z","Crystal Stevens","0055w00000D4KBsAAN","Crystal Stevens","Crystal Stevens","Crystal Stevens/John Chen/Elliot Executive/Sam Ennis","Crystal Stevens","John Chen","Social Media","00E5w000004erLwEAI","ARI Network Services","true","High","true","RVP Central","KS",,"2018-08-04T07:00:00.000Z","Central Sales","ARI Network Services 243","00E5w000004erLxEAI","2019_09","RVPCentral","00E5w000004erLvEAI","https://samennis-20200526-demo--c.documentforce.com/profilephoto/7295w000000W2mW/T","Retail","Corporate","cstevens1590550477831@demo.user","ARI Network Services","Crystal Stevens","CentralSales",,238,8851000,43,238
"0015w00002DFNYRAA5","00E5w000004erLzEAI/00E5w000004erM0EAI/00E5w000004erLvEAI","0065w000022R237AAC","lionheart medical","https://samennis-20200526-demo--c.documentforce.com/profilephoto/7295w000000W2mR/F","Brandy Mullins",,"2020-05-27T03:51:40.000Z","Andrew Martin","0055w00000D4KBgAAN","Brandy Mullins","Brandy Mullins","Brandy Mullins/Andrew Martin/Elliot Executive/Sam Ennis","Andrew Martin","Andrew Martin","Data.com","00E5w000004erLyEAI","lionheart medical","true","Medium","true","RVP West","OR",,"2019-10-08T07:00:00.000Z","West Sales","lionheart medical 107","00E5w000004erLzEAI","2019_11","RVPWest","00E5w000004erLvEAI","https://samennis-20200526-demo--c.documentforce.com/profilephoto/7295w000000W2mR/T","Utilities","Corporate","bmullins1590550477755@demo.user","lionheart medical","Brandy Mullins","WestSales",,63.1788,5845000,15,63
"0015w00002DFNewAAH","00E5w000004erM7EAI/00E5w000004erM0EAI/00E5w000004erLvEAI","0065w000022R2B9AAK","Carpet One","https://samennis-20200526-demo--c.documentforce.com/profilephoto/7295w000000W2n5/F","Steven Mathis",,"2020-05-27T03:52:11.000Z","Edwin Tucker","0055w00000D4KBlAAN","Steven Mathis","Steven Mathis","Steven Mathis/Edwin Tucker/Elliot Executive/Sam Ennis","Edwin Tucker","Edwin Tucker","Cold Call","00E5w000004erM5EAI","Carpet One","true","Low","true","RVP East","VT",,"2018-08-14T07:00:00.000Z","East Sales","Carpet One 18","00E5w000004erM7EAI","2019_11","RVPEast","00E5w000004erLvEAI","https://samennis-20200526-demo--c.documentforce.com/profilephoto/7295w000000W2n5/T","Apparel","Corporate","smathis1590550477787@demo.user","Carpet One","Steven Mathis","EastSales",,0.7,7924000,77,1
"0015w00002DFNVjAAP","00E5w000004erLxEAI/00E5w000004erM0EAI/00E5w000004erLvEAI","0065w000022R1zVAAS","F5(formerly Uroam )(formerly Filanet Cor","https://samennis-20200526-demo--c.documentforce.com/profilephoto/7295w000000W2ne/F","Robin Montgomery",,"2020-05-27T03:51:31.000Z","Elliot Executive","0055w00000D4KBnAAN","Robin Montgomery","Robin Montgomery","Robin Montgomery/John Chen/Elliot Executive/Sam Ennis","Elliot Executive","John Chen","Website","00E5w000004erLwEAI","F5(formerly Uroam )(formerly Filanet Cor","true","Low","true","RVP Central","IN",,"2019-11-09T08:00:00.000Z","Central Sales","F5(formerly Uroam )(formerly Filanet Cor 201","00E5w000004erLxEAI","2019_11","RVPCentral","00E5w000004erLvEAI","https://samennis-20200526-demo--c.documentforce.com/profilephoto/7295w000000W2ne/T","Energy","Corporate","rmontgom1590550477800@demo.user","F5(formerly Uroam )(formerly Filanet Cor","Robin Montgomery","CentralSales",,1.5556,3359000,180,2
"0015w00002DFNYkAAP","00E5w000004erLzEAI/00E5w000004erM0EAI/00E5w000004erLvEAI","0065w000022R23TAAS","Sales Consultants","https://samennis-20200526-demo--c.documentforce.com/profilephoto/7295w000000W2nF/F","Mary Powers",,"2020-05-27T03:51:40.000Z","Andrew Martin","0055w00000D4KBeAAN","Mary Powers","Mary Powers","Mary Powers/Andrew Martin/Elliot Executive/Sam Ennis","Andrew Martin","Andrew Martin","Referral","00E5w000004erLyEAI","Sales Consultants","true","Low","true","RVP West","AK",,"2018-08-27T07:00:00.000Z","West Sales","Sales Consultants 226","00E5w000004erLzEAI","2019_11","RVPWest","00E5w000004erLvEAI","https://samennis-20200526-demo--c.documentforce.com/profilephoto/7295w000000W2nF/T","Recreation","Corporate","mpowers1590550477739@demo.user","Sales Consultants","Mary Powers","WestSales",,0,3619000,102,0
"0015w00002DFNWxAAP","00E5w000004erLzEAI/00E5w000004erM0EAI/00E5w000004erLvEAI","0065w000022R219AAC","Westwave Communications","https://samennis-20200526-demo--c.documentforce.com/profilephoto/7295w000000W2nF/F","Mary Powers",,"2020-05-27T03:51:40.000Z","Andrew Martin","0055w00000D4KBeAAN","Mary Powers","Mary Powers","Mary Powers/Andrew Martin/Elliot Executive/Sam Ennis","Andrew Martin","Andrew Martin","Community","00E5w000004erLyEAI","Westwave Communications","true","Low","true","RVP West","CA",,"2019-03-14T07:00:00.000Z","West Sales","Westwave Communications 195","00E5w000004erLzEAI","2019_11","RVPWest","00E5w000004erLvEAI","https://samennis-20200526-demo--c.documentforce.com/profilephoto/7295w000000W2nF/T","Communications","Corporate","mpowers1590550477739@demo.user","Westwave Communications","Mary Powers","WestSales",,7.805,6326000,50,8
"0015w00002DFNjeAAH","00E5w000004erLxEAI/00E5w000004erM0EAI/00E5w000004erLvEAI","0065w000022R2H9AAK","Intelsat Corporation","https://samennis-20200526-demo--c.documentforce.com/profilephoto/7295w000000W2nZ/F","Michelle Stanley",,"2020-05-27T03:52:30.000Z","Elliot Executive","0055w00000D4KBrAAN","Michelle Stanley","Michelle Stanley","Michelle Stanley/John Chen/Elliot Executive/Sam Ennis","Elliot Executive","John Chen","Marketing Event","00E5w000004erLwEAI","Intelsat Corporation","true","High","true","RVP Central","LA",,"2019-05-26T07:00:00.000Z","Central Sales","Intelsat Corporation 11","00E5w000004erLxEAI","2019_11","RVPCentral","00E5w000004erLvEAI","https://samennis-20200526-demo--c.documentforce.com/profilephoto/7295w000000W2nZ/T","Education","Corporate","mstanley1590550477825@demo.user","Intelsat Corporation","Michelle Stanley","CentralSales",,224.6004,8056000,178,225
"0015w00002DFNyzAAH","00E5w000004erLxEAI/00E5w000004erM0EAI/00E5w000004erLvEAI","0065w000022R2bpAAC","CompuHelp Internet Access, Inc","https://samennis-20200526-demo--c.documentforce.com/profilephoto/7295w000000W2nU/F","Rebecca Gonzalez",,"2020-05-27T03:54:24.000Z","Elliot Executive","0055w00000D4KBtAAN","Rebecca Gonzalez","Rebecca Gonzalez","Rebecca Gonzalez/John Chen/Elliot Executive/Sam Ennis","Elliot Executive","John Chen","Cold Call","00E5w000004erLwEAI","CompuHelp Internet Access, Inc","true","Low","true","RVP Central","NY",,"2018-08-21T07:00:00.000Z","Central Sales","CompuHelp Internet Access, Inc 190","00E5w000004erLxEAI","2019_11","RVPCentral","00E5w000004erLvEAI","https://samennis-20200526-demo--c.documentforce.com/profilephoto/7295w000000W2nU/T","Food & Beverage","Corporate","rgonzale1590550477838@demo.user","CompuHelp Internet Access, Inc","Rebecca Gonzalez","CentralSales",,0,4686000,69933,0
"0015w00002DFO92AAH","00E5w000004erLxEAI/00E5w000004erM0EAI/00E5w000004erLvEAI","0065w000022R2oLAAS","Performance Resources","https://samennis-20200526-demo--c.documentforce.com/profilephoto/7295w000000W2nZ/F","Michelle Stanley",,"2020-05-27T03:56:04.000Z","Elliot Executive","0055w00000D4KBrAAN","Michelle Stanley","Michelle Stanley","Michelle Stanley/John Chen/Elliot Executive/Sam Ennis","Elliot Executive","John Chen","Cold Call","00E5w000004erLwEAI","Performance Resources","true","Low","true","RVP Central","MO",,"2018-06-18T07:00:00.000Z","Central Sales","Performance Resources 4","00E5w000004erLxEAI","2019_11","RVPCentral","00E5w000004erLvEAI","https://samennis-20200526-demo--c.documentforce.com/profilephoto/7295w000000W2nZ/T","Communications","Enterprise","mstanley1590550477825@demo.user","Performance Resources","Michelle Stanley","CentralSales",,0,1566039000,91348,0
"0015w00002DFNYRAA5","00E5w000004erLzEAI/00E5w000004erM0EAI/00E5w000004erLvEAI","0065w000022R237AAC","lionheart medical","https://samennis-20200526-demo--c.documentforce.com/profilephoto/7295w000000W2mR/F","Brandy Mullins",,"2020-05-27T03:51:40.000Z","Andrew Martin","0055w00000D4KBgAAN","Brandy Mullins","Brandy Mullins","Brandy Mullins/Andrew Martin/Elliot Executive/Sam Ennis","Andrew Martin","Andrew Martin","Data.com","00E5w000004erLyEAI","lionheart medical","true","High","true","RVP West","OR",,"2019-10-08T07:00:00.000Z","West Sales","lionheart medical 107","00E5w000004erLzEAI","2019_12","RVPWest","00E5w000004erLvEAI","https://samennis-20200526-demo--c.documentforce.com/profilephoto/7295w000000W2mR/T","Utilities","Corporate","bmullins1590550477755@demo.user","lionheart medical","Brandy Mullins","WestSales",,101.7209,5845000,15,102
"0015w00002DFNJEAA5","00E5w000004erLzEAI/00E5w000004erM0EAI/00E5w000004erLvEAI","0065w000022R1iCAAS","WCOIL   Ltd","https://samennis-20200526-demo--c.documentforce.com/profilephoto/7295w000000W2nK/F","Amanda Hernandez",,"2020-05-27T03:49:30.000Z","Amanda Hernandez","0055w00000D4KBfAAN","Amanda Hernandez","Amanda Hernandez","Amanda Hernandez/Andrew Martin/Elliot Executive/Sam Ennis","Amanda Hernandez","Andrew Martin","Inbound Call","00E5w000004erLyEAI","WCOIL   Ltd","true","Medium","true","RVP West","WA",,"2020-01-31T08:00:00.000Z","West Sales","WCOIL   Ltd 148","00E5w000004erLzEAI","2019_12","RVPWest","00E5w000004erLvEAI","https://samennis-20200526-demo--c.documentforce.com/profilephoto/7295w000000W2nK/T","Chemicals","Corporate","ahernand1590550477747@demo.user","WCOIL   Ltd","Amanda Hernandez","WestSales",,66.0431,2181000,159,66
"0015w00002DFNVoAAP","00E5w000004erLzEAI/00E5w000004erM0EAI/00E5w000004erLvEAI","0065w000022R1zaAAC","Torto Wheaton Research","https://samennis-20200526-demo--c.documentforce.com/profilephoto/7295w000000W2nK/F","Amanda Hernandez",,"2020-05-27T03:51:31.000Z","Amanda Hernandez","0055w00000D4KBfAAN","Amanda Hernandez","Amanda Hernandez","Amanda Hernandez/Andrew Martin/Elliot Executive/Sam Ennis","Amanda Hernandez","Andrew Martin","Community","00E5w000004erLyEAI","Torto Wheaton Research","true","Low","true","RVP West","UT",,"2019-05-29T07:00:00.000Z","West Sales","Torto Wheaton Research 34","00E5w000004erLzEAI","2019_12","RVPWest","00E5w000004erLvEAI","https://samennis-20200526-demo--c.documentforce.com/profilephoto/7295w000000W2nK/T","Telecommunications","Corporate","ahernand1590550477747@demo.user","Torto Wheaton Research","Amanda Hernandez","WestSales",,10,7306000,75,10
"0015w00002DFNVJAA5","00E5w000004erLxEAI/00E5w000004erM0EAI/00E5w000004erLvEAI","0065w000022R1ywAAC","Acutherm","https://samennis-20200526-demo--c.documentforce.com/profilephoto/7295w000000W2mW/F","Crystal Stevens",,"2020-05-27T03:51:31.000Z","Crystal Stevens","0055w00000D4KBsAAN","Crystal Stevens","Crystal Stevens","Crystal Stevens/John Chen/Elliot Executive/Sam Ennis","Crystal Stevens","John Chen","Referral","00E5w000004erLwEAI","Acutherm","true","High","true","RVP Central","IL",,"2019-11-17T08:00:00.000Z","Central Sales","Acutherm 197","00E5w000004erLxEAI","2019_12","RVPCentral","00E5w000004erLvEAI","https://samennis-20200526-demo--c.documentforce.com/profilephoto/7295w000000W2mW/T","Banking","Corporate","cstevens1590550477831@demo.user","Acutherm","Crystal Stevens","CentralSales",,102.2823,7625000,68,102
"0015w00002DFNSlAAP","00E5w000004erLzEAI/00E5w000004erM0EAI/00E5w000004erLvEAI","0065w000022R1vbAAC","Individual Software","https://samennis-20200526-demo--c.documentforce.com/profilephoto/7295w000000W2mR/F","Brandy Mullins",,"2020-05-27T03:50:08.000Z","Andrew Martin","0055w00000D4KBgAAN","Brandy Mullins","Brandy Mullins","Brandy Mullins/Andrew Martin/Elliot Executive/Sam Ennis","Andrew Martin","Andrew Martin","Social Media","00E5w000004erLyEAI","Individual Software","true","Low","true","RVP West","WA",,"2018-12-01T08:00:00.000Z","West Sales","Individual Software 10","00E5w000004erLzEAI","2019_12","RVPWest","00E5w000004erLvEAI","https://samennis-20200526-demo--c.documentforce.com/profilephoto/7295w000000W2mR/T","Government","Corporate","bmullins1590550477755@demo.user","Individual Software","Brandy Mullins","WestSales",,0,9436000,126,0
"0015w00002DFO5FAAX","00E5w000004erLxEAI/00E5w000004erM0EAI/00E5w000004erLvEAI","0065w000022R2jNAAS","SendOrder.com","https://samennis-20200526-demo--c.documentforce.com/profilephoto/7295w000000W2nZ/F","Michelle Stanley",,"2020-05-27T03:54:48.000Z","Elliot Executive","0055w00000D4KBrAAN","Michelle Stanley","Michelle Stanley","Michelle Stanley/John Chen/Elliot Executive/Sam Ennis","Elliot Executive","John Chen","Marketing Event","00E5w000004erLwEAI","SendOrder.com","true","Low","true","RVP Central","LA",,"2019-09-25T07:00:00.000Z","Central Sales","SendOrder.com 251","00E5w000004erLxEAI","2019_12","RVPCentral","00E5w000004erLvEAI","https://samennis-20200526-demo--c.documentforce.com/profilephoto/7295w000000W2nZ/T","Retail","Mid-Market","mstanley1590550477825@demo.user","SendOrder.com","Michelle Stanley","CentralSales",,0,417182000,3118,0
"0015w00002DFOCHAA5","00E5w000004erLzEAI/00E5w000004erM0EAI/00E5w000004erLvEAI","0065w000022R2sNAAS","Unitus Leadership Systems","https://samennis-20200526-demo--c.documentforce.com/profilephoto/7295w000000W2nP/F","Heather Greer",,"2020-05-27T03:56:17.000Z","Andrew Martin","0055w00000D4KBpAAN","Heather Greer","Heather Greer","Heather Greer/Andrew Martin/Elliot Executive/Sam Ennis","Andrew Martin","Andrew Martin","Cold Call","00E5w000004erLyEAI","Unitus Leadership Systems","true","Low","true","RVP West","MT",,"2018-08-27T07:00:00.000Z","West Sales","Unitus Leadership Systems 61","00E5w000004erLzEAI","2020_01","RVPWest","00E5w000004erLvEAI","https://samennis-20200526-demo--c.documentforce.com/profilephoto/7295w000000W2nP/T","Transportation","T100","hgreer1590550477812@demo.user","Unitus Leadership Systems","Heather Greer","WestSales",,49.0781,4343760000,22732,49
"0015w00002DFNVoAAP","00E5w000004erLzEAI/00E5w000004erM0EAI/00E5w000004erLvEAI","0065w000022R1zaAAC","Torto Wheaton Research","https://samennis-20200526-demo--c.documentforce.com/profilephoto/7295w000000W2nK/F","Amanda Hernandez",,"2020-05-27T03:51:31.000Z","Amanda Hernandez","0055w00000D4KBfAAN","Amanda Hernandez","Amanda Hernandez","Amanda Hernandez/Andrew Martin/Elliot Executive/Sam Ennis","Amanda Hernandez","Andrew Martin","Community","00E5w000004erLyEAI","Torto Wheaton Research","true","Low","true","RVP West","UT",,"2019-05-29T07:00:00.000Z","West Sales","Torto Wheaton Research 34","00E5w000004erLzEAI","2020_01","RVPWest","00E5w000004erLvEAI","https://samennis-20200526-demo--c.documentforce.com/profilephoto/7295w000000W2nK/T","Telecommunications","Corporate","ahernand1590550477747@demo.user","Torto Wheaton Research","Amanda Hernandez","WestSales",,24.6667,7306000,75,25
"0015w00002DFNEmAAP","00E5w000004erLzEAI/00E5w000004erM0EAI/00E5w000004erLvEAI","0065w000022R1c5AAC","Micromenders","https://samennis-20200526-demo--c.documentforce.com/profilephoto/7295w000000W2mR/F","Brandy Mullins",,"2020-05-27T03:49:09.000Z","Andrew Martin","0055w00000D4KBgAAN","Brandy Mullins","Brandy Mullins","Brandy Mullins/Andrew Martin/Elliot Executive/Sam Ennis","Andrew Martin","Andrew Martin","Data.com","00E5w000004erLyEAI","Micromenders","true","Medium","true","RVP West","HI",,"2018-10-11T07:00:00.000Z","West Sales","Micromenders 246","00E5w000004erLzEAI","2020_01","RVPWest","00E5w000004erLvEAI","https://samennis-20200526-demo--c.documentforce.com/profilephoto/7295w000000W2mR/T","Consulting","Corporate","bmullins1590550477755@demo.user","Micromenders","Brandy Mullins","WestSales",,53.0944,9929000,52,53
"0015w00002DFNtUAAX","00E5w000004erLxEAI/00E5w000004erM0EAI/00E5w000004erLvEAI","0065w000022R2UKAA0","Network Co.","https://samennis-20200526-demo--c.documentforce.com/profilephoto/7295w000000W2nU/F","Rebecca Gonzalez",,"2020-05-27T03:54:04.000Z","Elliot Executive","0055w00000D4KBtAAN","Rebecca Gonzalez","Rebecca Gonzalez","Rebecca Gonzalez/John Chen/Elliot Executive/Sam Ennis","Elliot Executive","John Chen","Inbound Call","00E5w000004erLwEAI","Network Co.","true","Low","true","RVP Central","IA",,"2018-10-21T07:00:00.000Z","Central Sales","Network Co. 198","00E5w000004erLxEAI","2020_01","RVPCentral","00E5w000004erLvEAI","https://samennis-20200526-demo--c.documentforce.com/profilephoto/7295w000000W2nU/T","Financial Services","Corporate","rgonzale1590550477838@demo.user","Network Co.","Rebecca Gonzalez","CentralSales",,21,5457000,236,21
"0015w00002DFNyzAAH","00E5w000004erLxEAI/00E5w000004erM0EAI/00E5w000004erLvEAI","0065w000022R2bpAAC","CompuHelp Internet Access, Inc","https://samennis-20200526-demo--c.documentforce.com/profilephoto/7295w000000W2nU/F","Rebecca Gonzalez",,"2020-05-27T03:54:24.000Z","Elliot Executive","0055w00000D4KBtAAN","Rebecca Gonzalez","Rebecca Gonzalez","Rebecca Gonzalez/John Chen/Elliot Executive/Sam Ennis","Elliot Executive","John Chen","Cold Call","00E5w000004erLwEAI","CompuHelp Internet Access, Inc","true","Low","true","RVP Central","NY",,"2018-08-21T07:00:00.000Z","Central Sales","CompuHelp Internet Access, Inc 190","00E5w000004erLxEAI","2020_01","RVPCentral","00E5w000004erLvEAI","https://samennis-20200526-demo--c.documentforce.com/profilephoto/7295w000000W2nU/T","Food & Beverage","Corporate","rgonzale1590550477838@demo.user","CompuHelp Internet Access, Inc","Rebecca Gonzalez","CentralSales",,0,4686000,69933,0
"0015w00002DFOANAA5","00E5w000004erLzEAI/00E5w000004erM0EAI/00E5w000004erLvEAI","0065w000022R2pzAAC","First Fleet Corp","https://samennis-20200526-demo--c.documentforce.com/profilephoto/7295w000000W2nK/F","Amanda Hernandez",,"2020-05-27T03:56:04.000Z","Amanda Hernandez","0055w00000D4KBfAAN","Amanda Hernandez","Amanda Hernandez","Amanda Hernandez/Andrew Martin/Elliot Executive/Sam Ennis","Amanda Hernandez","Andrew Martin","Inbound Call","00E5w000004erLyEAI","First Fleet Corp","true","Low","true","RVP West","CA",,"2018-11-15T08:00:00.000Z","West Sales","First Fleet Corp 25","00E5w000004erLzEAI","2020_01","RVPWest","00E5w000004erLvEAI","https://samennis-20200526-demo--c.documentforce.com/profilephoto/7295w000000W2nK/T","Entertainment","T100","ahernand1590550477747@demo.user","First Fleet Corp","Amanda Hernandez","WestSales",,8.7733,4842897000,1,9
"0015w00002DFNdvAAH","00E5w000004erLxEAI/00E5w000004erM0EAI/00E5w000004erLvEAI","0065w000022R29xAAC","eStudio","https://samennis-20200526-demo--c.documentforce.com/profilephoto/7295w000000W2nZ/F","Michelle Stanley",,"2020-05-27T03:52:01.000Z","Elliot Executive","0055w00000D4KBrAAN","Michelle Stanley","Michelle Stanley","Michelle Stanley/John Chen/Elliot Executive/Sam Ennis","Elliot Executive","John Chen","Cold Call","00E5w000004erLwEAI","eStudio","true","Low","true","RVP Central","PA",,"2019-12-29T08:00:00.000Z","Central Sales","eStudio 250","00E5w000004erLxEAI","2020_01","RVPCentral","00E5w000004erLvEAI","https://samennis-20200526-demo--c.documentforce.com/profilephoto/7295w000000W2nZ/T","Other","Corporate","mstanley1590550477825@demo.user","eStudio","Michelle Stanley","CentralSales",,7,5314000,75,7
"0015w00002DFOCHAA5","00E5w000004erLzEAI/00E5w000004erM0EAI/00E5w000004erLvEAI","0065w000022R2sNAAS","Unitus Leadership Systems","https://samennis-20200526-demo--c.documentforce.com/profilephoto/7295w000000W2nP/F","Heather Greer",,"2020-05-27T03:56:17.000Z","Andrew Martin","0055w00000D4KBpAAN","Heather Greer","Heather Greer","Heather Greer/Andrew Martin/Elliot Executive/Sam Ennis","Andrew Martin","Andrew Martin","Cold Call","00E5w000004erLyEAI","Unitus Leadership Systems","true","Low","true","RVP West","MT",,"2018-08-27T07:00:00.000Z","West Sales","Unitus Leadership Systems 61","00E5w000004erLzEAI","2020_02","RVPWest","00E5w000004erLvEAI","https://samennis-20200526-demo--c.documentforce.com/profilephoto/7295w000000W2nP/T","Transportation","T100","hgreer1590550477812@demo.user","Unitus Leadership Systems","Heather Greer","WestSales",,46.0376,4343760000,22732,46
"0015w00002DFNVjAAP","00E5w000004erLxEAI/00E5w000004erM0EAI/00E5w000004erLvEAI","0065w000022R1zVAAS","F5(formerly Uroam )(formerly Filanet Cor","https://samennis-20200526-demo--c.documentforce.com/profilephoto/7295w000000W2ne/F","Robin Montgomery",,"2020-05-27T03:51:31.000Z","Elliot Executive","0055w00000D4KBnAAN","Robin Montgomery","Robin Montgomery","Robin Montgomery/John Chen/Elliot Executive/Sam Ennis","Elliot Executive","John Chen","Website","00E5w000004erLwEAI","F5(formerly Uroam )(formerly Filanet Cor","true","Low","true","RVP Central","IN",,"2019-11-09T08:00:00.000Z","Central Sales","F5(formerly Uroam )(formerly Filanet Cor 201","00E5w000004erLxEAI","2020_02","RVPCentral","00E5w000004erLvEAI","https://samennis-20200526-demo--c.documentforce.com/profilephoto/7295w000000W2ne/T","Energy","Corporate","rmontgom1590550477800@demo.user","F5(formerly Uroam )(formerly Filanet Cor","Robin Montgomery","CentralSales",,3.7121,3359000,180,4
"0015w00002DFOCaAAP","00E5w000004erLxEAI/00E5w000004erM0EAI/00E5w000004erLvEAI","0065w000022R2sqAAC","IMTS Silicon Motor Speedway","https://samennis-20200526-demo--c.documentforce.com/profilephoto/7295w000000W2nZ/F","Michelle Stanley",,"2020-05-27T03:56:17.000Z","Elliot Executive","0055w00000D4KBrAAN","Michelle Stanley","Michelle Stanley","Michelle Stanley/John Chen/Elliot Executive/Sam Ennis","Elliot Executive","John Chen","Social Media","00E5w000004erLwEAI","IMTS Silicon Motor Speedway","true","Low","true","RVP Central","MN",,"2018-05-29T07:00:00.000Z","Central Sales","IMTS Silicon Motor Speedway 191","00E5w000004erLxEAI","2020_02","RVPCentral","00E5w000004erLvEAI","https://samennis-20200526-demo--c.documentforce.com/profilephoto/7295w000000W2nZ/T","Banking","T100","mstanley1590550477825@demo.user","IMTS Silicon Motor Speedway","Michelle Stanley","CentralSales",,6.0513,3215159000,15614,6
"0015w00002DFNEmAAP","00E5w000004erLzEAI/00E5w000004erM0EAI/00E5w000004erLvEAI","0065w000022R1c5AAC","Micromenders","https://samennis-20200526-demo--c.documentforce.com/profilephoto/7295w000000W2mR/F","Brandy Mullins",,"2020-05-27T03:49:09.000Z","Andrew Martin","0055w00000D4KBgAAN","Brandy Mullins","Brandy Mullins","Brandy Mullins/Andrew Martin/Elliot Executive/Sam Ennis","Andrew Martin","Andrew Martin","Data.com","00E5w000004erLyEAI","Micromenders","true","Medium","true","RVP West","HI",,"2018-10-11T07:00:00.000Z","West Sales","Micromenders 246","00E5w000004erLzEAI","2020_02","RVPWest","00E5w000004erLvEAI","https://samennis-20200526-demo--c.documentforce.com/profilephoto/7295w000000W2mR/T","Consulting","Corporate","bmullins1590550477755@demo.user","Micromenders","Brandy Mullins","WestSales",,89.9138,9929000,52,90
"0015w00002DFNCwAAP","00E5w000004erLzEAI/00E5w000004erM0EAI/00E5w000004erLvEAI","0065w000022R1ZTAA0","Cipient Networks Inc","https://samennis-20200526-demo--c.documentforce.com/profilephoto/7295w000000W2nF/F","Mary Powers",,"2020-05-27T03:49:09.000Z","Andrew Martin","0055w00000D4KBeAAN","Mary Powers","Mary Powers","Mary Powers/Andrew Martin/Elliot Executive/Sam Ennis","Andrew Martin","Andrew Martin","Partner","00E5w000004erLyEAI","Cipient Networks Inc","true","High","true","RVP West","WA",,"2019-08-14T07:00:00.000Z","West Sales","Cipient Networks Inc 16","00E5w000004erLzEAI","2020_02","RVPWest","00E5w000004erLvEAI","https://samennis-20200526-demo--c.documentforce.com/profilephoto/7295w000000W2nF/T","Engineering","Corporate","mpowers1590550477739@demo.user","Cipient Networks Inc","Mary Powers","WestSales",,175,7269000,245,175
"0015w00002DFNOsAAP","00E5w000004erLzEAI/00E5w000004erM0EAI/00E5w000004erLvEAI","0065w000022R1qGAAS","MK Incorporated","https://samennis-20200526-demo--c.documentforce.com/profilephoto/7295w000000W2nF/F","Mary Powers",,"2020-05-27T03:49:58.000Z","Andrew Martin","0055w00000D4KBeAAN","Mary Powers","Mary Powers","Mary Powers/Andrew Martin/Elliot Executive/Sam Ennis","Andrew Martin","Andrew Martin","Inbound Call","00E5w000004erLyEAI","MK Incorporated","true","High","true","RVP West","WY",,"2018-08-02T07:00:00.000Z","West Sales","MK Incorporated 248","00E5w000004erLzEAI","2020_02","RVPWest","00E5w000004erLvEAI","https://samennis-20200526-demo--c.documentforce.com/profilephoto/7295w000000W2nF/T","Electronics","Corporate","mpowers1590550477739@demo.user","MK Incorporated","Mary Powers","WestSales",,116.5294,9588000,209,117
"0015w00002DFNOsAAP","00E5w000004erLzEAI/00E5w000004erM0EAI/00E5w000004erLvEAI","0065w000022R1qGAAS","MK Incorporated","https://samennis-20200526-demo--c.documentforce.com/profilephoto/7295w000000W2nF/F","Mary Powers",,"2020-05-27T03:49:58.000Z","Andrew Martin","0055w00000D4KBeAAN","Mary Powers","Mary Powers","Mary Powers/Andrew Martin/Elliot Executive/Sam Ennis","Andrew Martin","Andrew Martin","Inbound Call","00E5w000004erLyEAI","MK Incorporated","true","High","true","RVP West","WY",,"2018-08-02T07:00:00.000Z","West Sales","MK Incorporated 248","00E5w000004erLzEAI","2020_03","RVPWest","00E5w000004erLvEAI","https://samennis-20200526-demo--c.documentforce.com/profilephoto/7295w000000W2nF/T","Electronics","Corporate","mpowers1590550477739@demo.user","MK Incorporated","Mary Powers","WestSales",,100.625,9588000,209,101
"0015w00002DFNV3AAP","00E5w000004erLxEAI/00E5w000004erM0EAI/00E5w000004erLvEAI","0065w000022R1yZAAS","Towers Perrin Forester & Crosby","https://samennis-20200526-demo--c.documentforce.com/profilephoto/7295w000000W2mW/F","Crystal Stevens",,"2020-05-27T03:51:31.000Z","Crystal Stevens","0055w00000D4KBsAAN","Crystal Stevens","Crystal Stevens","Crystal Stevens/John Chen/Elliot Executive/Sam Ennis","Crystal Stevens","John Chen","Partner","00E5w000004erLwEAI","Towers Perrin Forester & Crosby","true","Low","true","RVP Central","NE",,"2019-04-09T07:00:00.000Z","Central Sales","Towers Perrin Forester & Crosby 123","00E5w000004erLxEAI","2020_03","RVPCentral","00E5w000004erLvEAI","https://samennis-20200526-demo--c.documentforce.com/profilephoto/7295w000000W2mW/T","Recreation","Corporate","cstevens1590550477831@demo.user","Towers Perrin Forester & Crosby","Crystal Stevens","CentralSales",,21,4307000,103,21
"0015w00002DFNKRAA5","00E5w000004erLxEAI/00E5w000004erM0EAI/00E5w000004erLvEAI","0065w000022R1jvAAC","DCI HOLDINGS","https://samennis-20200526-demo--c.documentforce.com/profilephoto/7295w000000W2nZ/F","Michelle Stanley",,"2020-05-27T03:49:40.000Z","Elliot Executive","0055w00000D4KBrAAN","Michelle Stanley","Michelle Stanley","Michelle Stanley/John Chen/Elliot Executive/Sam Ennis","Elliot Executive","John Chen","Referral","00E5w000004erLwEAI","DCI HOLDINGS","true","Low","true","RVP Central","IL",,"2018-05-30T07:00:00.000Z","Central Sales","DCI HOLDINGS 182","00E5w000004erLxEAI","2020_03","RVPCentral","00E5w000004erLvEAI","https://samennis-20200526-demo--c.documentforce.com/profilephoto/7295w000000W2nZ/T","Shipping","Corporate","mstanley1590550477825@demo.user","DCI HOLDINGS","Michelle Stanley","CentralSales",,0,9883000,173,0
"0015w00002DFNTaAAP","00E5w000004erLxEAI/00E5w000004erM0EAI/00E5w000004erLvEAI","0065w000022R1wfAAC","ICC Industries","https://samennis-20200526-demo--c.documentforce.com/profilephoto/7295w000000W2nU/F","Rebecca Gonzalez",,"2020-05-27T03:50:14.000Z","Elliot Executive","0055w00000D4KBtAAN","Rebecca Gonzalez","Rebecca Gonzalez","Rebecca Gonzalez/John Chen/Elliot Executive/Sam Ennis","Elliot Executive","John Chen","Inbound Call","00E5w000004erLwEAI","ICC Industries","true","Low","true","RVP Central","IL",,"2020-01-06T08:00:00.000Z","Central Sales","ICC Industries 171","00E5w000004erLxEAI","2020_03","RVPCentral","00E5w000004erLvEAI","https://samennis-20200526-demo--c.documentforce.com/profilephoto/7295w000000W2nU/T","Communications","Corporate","rgonzale1590550477838@demo.user","ICC Industries","Rebecca Gonzalez","CentralSales",,0.119,9486000,109,0
"0015w00002DFNnNAAX","00E5w000004erM7EAI/00E5w000004erM0EAI/00E5w000004erLvEAI","0065w000022R2LwAAK","Xerox Corporation - Houston","https://samennis-20200526-demo--c.documentforce.com/profilephoto/7295w000000W2ml/F","Craig Arnold",,"2020-05-27T03:53:44.000Z","Craig Arnold","0055w00000D4KBjAAN","Craig Arnold","Craig Arnold","Craig Arnold/Edwin Tucker/Elliot Executive/Sam Ennis","Craig Arnold","Edwin Tucker","Inbound Call","00E5w000004erM5EAI","Xerox Corporation - Houston","true","High","true","RVP East","CT",,"2018-10-13T07:00:00.000Z","East Sales","Xerox Corporation - Houston 99","00E5w000004erM7EAI","2020_03","RVPEast","00E5w000004erLvEAI","https://samennis-20200526-demo--c.documentforce.com/profilephoto/7295w000000W2ml/T","Entertainment","Corporate","carnold1590550477775@demo.user","Xerox Corporation - Houston","Craig Arnold","EastSales",,218.4,2549000,204,218
"0015w00002DFNL0AAP","00E5w000004erLxEAI/00E5w000004erM0EAI/00E5w000004erLvEAI","0065w000022R1kiAAC","ARI Network Services","https://samennis-20200526-demo--c.documentforce.com/profilephoto/7295w000000W2mW/F","Crystal Stevens",,"2020-05-27T03:49:40.000Z","Crystal Stevens","0055w00000D4KBsAAN","Crystal Stevens","Crystal Stevens","Crystal Stevens/John Chen/Elliot Executive/Sam Ennis","Crystal Stevens","John Chen","Social Media","00E5w000004erLwEAI","ARI Network Services","true","High","true","RVP Central","KS",,"2018-08-04T07:00:00.000Z","Central Sales","ARI Network Services 243","00E5w000004erLxEAI","2020_03","RVPCentral","00E5w000004erLvEAI","https://samennis-20200526-demo--c.documentforce.com/profilephoto/7295w000000W2mW/T","Retail","Corporate","cstevens1590550477831@demo.user","ARI Network Services","Crystal Stevens","CentralSales",,371,8851000,43,371
"0015w00002DFNQ2AAP","00E5w000004erLzEAI/00E5w000004erM0EAI/00E5w000004erLvEAI","0065w000022R1s1AAC","SunTrust Banks","https://samennis-20200526-demo--c.documentforce.com/profilephoto/7295w000000W2nK/F","Amanda Hernandez",,"2020-05-27T03:49:58.000Z","Amanda Hernandez","0055w00000D4KBfAAN","Amanda Hernandez","Amanda Hernandez","Amanda Hernandez/Andrew Martin/Elliot Executive/Sam Ennis","Amanda Hernandez","Andrew Martin","Social Media","00E5w000004erLyEAI","SunTrust Banks","true","Low","true","RVP West","CO",,"2018-08-14T07:00:00.000Z","West Sales","SunTrust Banks 33","00E5w000004erLzEAI","2019_04","RVPWest","00E5w000004erLvEAI","https://samennis-20200526-demo--c.documentforce.com/profilephoto/7295w000000W2nK/T","Manufacturing","Corporate","ahernand1590550477747@demo.user","SunTrust Banks","Amanda Hernandez","WestSales",,2.3333,6586000,135,2
"0015w00002DFNXLAA5","00E5w000004erLzEAI/00E5w000004erM0EAI/00E5w000004erLvEAI","0065w000022R21cAAC","Airspeak Inc","https://samennis-20200526-demo--c.documentforce.com/profilephoto/7295w000000W2mR/F","Brandy Mullins",,"2020-05-27T03:51:40.000Z","Andrew Martin","0055w00000D4KBgAAN","Brandy Mullins","Brandy Mullins","Brandy Mullins/Andrew Martin/Elliot Executive/Sam Ennis","Andrew Martin","Andrew Martin","Data.com","00E5w000004erLyEAI","Airspeak Inc","true","High","true","RVP West","CA",,"2019-01-03T08:00:00.000Z","West Sales","Airspeak Inc 170","00E5w000004erLzEAI","2019_04","RVPWest","00E5w000004erLvEAI","https://samennis-20200526-demo--c.documentforce.com/profilephoto/7295w000000W2mR/T","Healthcare & Life Sciences","Corporate","bmullins1590550477755@demo.user","Airspeak Inc","Brandy Mullins","WestSales",,381.7035,6788000,144,382
"0015w00002DFNVjAAP","00E5w000004erLxEAI/00E5w000004erM0EAI/00E5w000004erLvEAI","0065w000022R1zVAAS","F5(formerly Uroam )(formerly Filanet Cor","https://samennis-20200526-demo--c.documentforce.com/profilephoto/7295w000000W2ne/F","Robin Montgomery",,"2020-05-27T03:51:31.000Z","Elliot Executive","0055w00000D4KBnAAN","Robin Montgomery","Robin Montgomery","Robin Montgomery/John Chen/Elliot Executive/Sam Ennis","Elliot Executive","John Chen","Website","00E5w000004erLwEAI","F5(formerly Uroam )(formerly Filanet Cor","true","Low","true","RVP Central","IN",,"2019-11-09T08:00:00.000Z","Central Sales","F5(formerly Uroam )(formerly Filanet Cor 201","00E5w000004erLxEAI","2019_04","RVPCentral","00E5w000004erLvEAI","https://samennis-20200526-demo--c.documentforce.com/profilephoto/7295w000000W2ne/T","Energy","Corporate","rmontgom1590550477800@demo.user","F5(formerly Uroam )(formerly Filanet Cor","Robin Montgomery","CentralSales",,0.9911,3359000,180,1
"0015w00002DFO3ZAAX","00E5w000004erLzEAI/00E5w000004erM0EAI/00E5w000004erLvEAI","0065w000022R2h8AAC","Newmarket International","https://samennis-20200526-demo--c.documentforce.com/profilephoto/7295w000000W2nK/F","Amanda Hernandez",,"2020-05-27T03:54:42.000Z","Amanda Hernandez","0055w00000D4KBfAAN","Amanda Hernandez","Amanda Hernandez","Amanda Hernandez/Andrew Martin/Elliot Executive/Sam Ennis","Amanda Hernandez","Andrew Martin","Cold Call","00E5w000004erLyEAI","Newmarket International","true","Low","true","RVP West","MT",,"2020-03-05T08:00:00.000Z","West Sales","Newmarket International 19","00E5w000004erLzEAI","2019_04","RVPWest","00E5w000004erLvEAI","https://samennis-20200526-demo--c.documentforce.com/profilephoto/7295w000000W2nK/T","Entertainment","Mid-Market","ahernand1590550477747@demo.user","Newmarket International","Amanda Hernandez","WestSales",,4.2,393882000,901,4
"0015w00002DFNDLAA5","00E5w000004erLzEAI/00E5w000004erM0EAI/00E5w000004erLvEAI","0065w000022R1a4AAC","Gas Equipment Company","https://samennis-20200526-demo--c.documentforce.com/profilephoto/7295w000000W2nK/F","Amanda Hernandez",,"2020-05-27T03:49:09.000Z","Amanda Hernandez","0055w00000D4KBfAAN","Amanda Hernandez","Amanda Hernandez","Amanda Hernandez/Andrew Martin/Elliot Executive/Sam Ennis","Amanda Hernandez","Andrew Martin","Social Media","00E5w000004erLyEAI","Gas Equipment Company","true","Low","true","RVP West","WY",,"2018-07-14T07:00:00.000Z","West Sales","Gas Equipment Company 78","00E5w000004erLzEAI","2019_04","RVPWest","00E5w000004erLvEAI","https://samennis-20200526-demo--c.documentforce.com/profilephoto/7295w000000W2nK/T","Electronics","Corporate","ahernand1590550477747@demo.user","Gas Equipment Company","Amanda Hernandez","WestSales",,20.6072,8657000,46,21
"0015w00002DFNdvAAH","00E5w000004erLxEAI/00E5w000004erM0EAI/00E5w000004erLvEAI","0065w000022R29xAAC","eStudio","https://samennis-20200526-demo--c.documentforce.com/profilephoto/7295w000000W2nZ/F","Michelle Stanley",,"2020-05-27T03:52:01.000Z","Elliot Executive","0055w00000D4KBrAAN","Michelle Stanley","Michelle Stanley","Michelle Stanley/John Chen/Elliot Executive/Sam Ennis","Elliot Executive","John Chen","Cold Call","00E5w000004erLwEAI","eStudio","true","Low","true","RVP Central","PA",,"2019-12-29T08:00:00.000Z","Central Sales","eStudio 250","00E5w000004erLxEAI","2019_04","RVPCentral","00E5w000004erLvEAI","https://samennis-20200526-demo--c.documentforce.com/profilephoto/7295w000000W2nZ/T","Other","Corporate","mstanley1590550477825@demo.user","eStudio","Michelle Stanley","CentralSales",,0,5314000,75,0
"0015w00002DFODNAA5","00E5w000004erLzEAI/00E5w000004erM0EAI/00E5w000004erLvEAI","0065w000022R2tpAAC","HireRight","https://samennis-20200526-demo--c.documentforce.com/profilephoto/7295w000000W2nB/F","Meagan Blevins",,"2020-05-27T03:56:21.000Z","Andrew Martin","0055w00000D4KBhAAN","Meagan Blevins","Meagan Blevins","Meagan Blevins/Andrew Martin/Elliot Executive/Sam Ennis","Andrew Martin","Andrew Martin","Cold Call","00E5w000004erLyEAI","HireRight","true","Low","true","RVP West","CA",,"2018-11-08T08:00:00.000Z","West Sales","HireRight 15","00E5w000004erLzEAI","2019_04","RVPWest","00E5w000004erLvEAI","https://samennis-20200526-demo--c.documentforce.com/profilephoto/7295w000000W2nB/T","Chemicals","T100","mblevins1590550477762@demo.user","HireRight","Meagan Blevins","WestSales",,7,9289425000,114942,7
"0015w00002DFOCYAA5","00E5w000004erLzEAI/00E5w000004erM0EAI/00E5w000004erLvEAI","0065w000022R2slAAC","Paracelsus Healthcare","https://samennis-20200526-demo--c.documentforce.com/profilephoto/7295w000000W2nK/F","Amanda Hernandez",,"2020-05-27T03:56:17.000Z","Amanda Hernandez","0055w00000D4KBfAAN","Amanda Hernandez","Amanda Hernandez","Amanda Hernandez/Andrew Martin/Elliot Executive/Sam Ennis","Amanda Hernandez","Andrew Martin","Referral","00E5w000004erLyEAI","Paracelsus Healthcare","true","Low","true","RVP West","AK",,"2018-08-02T07:00:00.000Z","West Sales","Paracelsus Healthcare 125","00E5w000004erLzEAI","2019_05","RVPWest","00E5w000004erLvEAI","https://samennis-20200526-demo--c.documentforce.com/profilephoto/7295w000000W2nK/T","Energy","T100","ahernand1590550477747@demo.user","Paracelsus Healthcare","Amanda Hernandez","WestSales",,0,5193082000,9525,0
"0015w00002DFNWxAAP","00E5w000004erLzEAI/00E5w000004erM0EAI/00E5w000004erLvEAI","0065w000022R219AAC","Westwave Communications","https://samennis-20200526-demo--c.documentforce.com/profilephoto/7295w000000W2nF/F","Mary Powers",,"2020-05-27T03:51:40.000Z","Andrew Martin","0055w00000D4KBeAAN","Mary Powers","Mary Powers","Mary Powers/Andrew Martin/Elliot Executive/Sam Ennis","Andrew Martin","Andrew Martin","Community","00E5w000004erLyEAI","Westwave Communications","true","Low","true","RVP West","CA",,"2019-03-14T07:00:00.000Z","West Sales","Westwave Communications 195","00E5w000004erLzEAI","2019_05","RVPWest","00E5w000004erLvEAI","https://samennis-20200526-demo--c.documentforce.com/profilephoto/7295w000000W2nF/T","Communications","Corporate","mpowers1590550477739@demo.user","Westwave Communications","Mary Powers","WestSales",,1,6326000,50,1
"0015w00002DFOCUAA5","00E5w000004erLzEAI/00E5w000004erM0EAI/00E5w000004erLvEAI","0065w000022R2shAAC","eB2X","https://samennis-20200526-demo--c.documentforce.com/profilephoto/7295w000000W2nF/F","Mary Powers",,"2020-05-27T03:56:17.000Z","Andrew Martin","0055w00000D4KBeAAN","Mary Powers","Mary Powers","Mary Powers/Andrew Martin/Elliot Executive/Sam Ennis","Andrew Martin","Andrew Martin","Social Media","00E5w000004erLyEAI","eB2X","true","High","true","RVP West","NV",,"2020-02-16T08:00:00.000Z","West Sales","eB2X 74","00E5w000004erLzEAI","2019_05","RVPWest","00E5w000004erLvEAI","https://samennis-20200526-demo--c.documentforce.com/profilephoto/7295w000000W2nF/T","Shipping","T100","mpowers1590550477739@demo.user","eB2X","Mary Powers","WestSales",,1855.462,7487020000,19970,1855
"0015w00002DFO5FAAX","00E5w000004erLxEAI/00E5w000004erM0EAI/00E5w000004erLvEAI","0065w000022R2jNAAS","SendOrder.com","https://samennis-20200526-demo--c.documentforce.com/profilephoto/7295w000000W2nZ/F","Michelle Stanley",,"2020-05-27T03:54:48.000Z","Elliot Executive","0055w00000D4KBrAAN","Michelle Stanley","Michelle Stanley","Michelle Stanley/John Chen/Elliot Executive/Sam Ennis","Elliot Executive","John Chen","Marketing Event","00E5w000004erLwEAI","SendOrder.com","true","Low","true","RVP Central","LA",,"2019-09-25T07:00:00.000Z","Central Sales","SendOrder.com 251","00E5w000004erLxEAI","2019_05","RVPCentral","00E5w000004erLvEAI","https://samennis-20200526-demo--c.documentforce.com/profilephoto/7295w000000W2nZ/T","Retail","Mid-Market","mstanley1590550477825@demo.user","SendOrder.com","Michelle Stanley","CentralSales",,0,417182000,3118,0
"0015w00002DFNTaAAP","00E5w000004erLxEAI/00E5w000004erM0EAI/00E5w000004erLvEAI","0065w000022R1wfAAC","ICC Industries","https://samennis-20200526-demo--c.documentforce.com/profilephoto/7295w000000W2nU/F","Rebecca Gonzalez",,"2020-05-27T03:50:14.000Z","Elliot Executive","0055w00000D4KBtAAN","Rebecca Gonzalez","Rebecca Gonzalez","Rebecca Gonzalez/John Chen/Elliot Executive/Sam Ennis","Elliot Executive","John Chen","Inbound Call","00E5w000004erLwEAI","ICC Industries","true","Low","true","RVP Central","IL",,"2020-01-06T08:00:00.000Z","Central Sales","ICC Industries 171","00E5w000004erLxEAI","2019_05","RVPCentral","00E5w000004erLvEAI","https://samennis-20200526-demo--c.documentforce.com/profilephoto/7295w000000W2nU/T","Communications","Corporate","rgonzale1590550477838@demo.user","ICC Industries","Rebecca Gonzalez","CentralSales",,8.2727,9486000,109,8
"0015w00002DFODNAA5","00E5w000004erLzEAI/00E5w000004erM0EAI/00E5w000004erLvEAI","0065w000022R2tpAAC","HireRight","https://samennis-20200526-demo--c.documentforce.com/profilephoto/7295w000000W2nB/F","Meagan Blevins",,"2020-05-27T03:56:21.000Z","Andrew Martin","0055w00000D4KBhAAN","Meagan Blevins","Meagan Blevins","Meagan Blevins/Andrew Martin/Elliot Executive/Sam Ennis","Andrew Martin","Andrew Martin","Cold Call","00E5w000004erLyEAI","HireRight","true","Low","true","RVP West","CA",,"2018-11-08T08:00:00.000Z","West Sales","HireRight 15","00E5w000004erLzEAI","2019_05","RVPWest","00E5w000004erLvEAI","https://samennis-20200526-demo--c.documentforce.com/profilephoto/7295w000000W2nB/T","Chemicals","T100","mblevins1590550477762@demo.user","HireRight","Meagan Blevins","WestSales",,0,9289425000,114942,0
"0015w00002DFNyEAAX","00E5w000004erLzEAI/00E5w000004erM0EAI/00E5w000004erLvEAI","0065w000022R2asAAC","Intersolutions Inc","https://samennis-20200526-demo--c.documentforce.com/profilephoto/7295w000000W2mR/F","Brandy Mullins",,"2020-05-27T03:54:24.000Z","Andrew Martin","0055w00000D4KBgAAN","Brandy Mullins","Brandy Mullins","Brandy Mullins/Andrew Martin/Elliot Executive/Sam Ennis","Andrew Martin","Andrew Martin","Data.com","00E5w000004erLyEAI","Intersolutions Inc","true","Low","true","RVP West","AK",,"2019-04-07T07:00:00.000Z","West Sales","Intersolutions Inc 40","00E5w000004erLzEAI","2019_06","RVPWest","00E5w000004erLvEAI","https://samennis-20200526-demo--c.documentforce.com/profilephoto/7295w000000W2mR/T","Government","Corporate","bmullins1590550477755@demo.user","Intersolutions Inc","Brandy Mullins","WestSales",,9.9167,9099000,41702,10
"0015w00002DFNxFAAX","00E5w000004erLzEAI/00E5w000004erM0EAI/00E5w000004erLvEAI","0065w000022R2ZYAA0","Palaver Communications","https://samennis-20200526-demo--c.documentforce.com/profilephoto/7295w000000W2nF/F","Mary Powers",,"2020-05-27T03:54:24.000Z","Andrew Martin","0055w00000D4KBeAAN","Mary Powers","Mary Powers","Mary Powers/Andrew Martin/Elliot Executive/Sam Ennis","Andrew Martin","Andrew Martin","Marketing Event","00E5w000004erLyEAI","Palaver Communications","true","Low","true","RVP West","UT",,"2018-10-29T07:00:00.000Z","West Sales","Palaver Communications 56","00E5w000004erLzEAI","2019_06","RVPWest","00E5w000004erLvEAI","https://samennis-20200526-demo--c.documentforce.com/profilephoto/7295w000000W2nF/T","Manufacturing","Corporate","mpowers1590550477739@demo.user","Palaver Communications","Mary Powers","WestSales",,1.2365,7054000,22491,1
"0015w00002DFNLUAA5","00E5w000004erLxEAI/00E5w000004erM0EAI/00E5w000004erLvEAI","0065w000022R1lOAAS","Arbitration Solutions","https://samennis-20200526-demo--c.documentforce.com/profilephoto/7295w000000W2nU/F","Rebecca Gonzalez",,"2020-05-27T03:49:40.000Z","Elliot Executive","0055w00000D4KBtAAN","Rebecca Gonzalez","Rebecca Gonzalez","Rebecca Gonzalez/John Chen/Elliot Executive/Sam Ennis","Elliot Executive","John Chen","Data.com","00E5w000004erLwEAI","Arbitration Solutions","true","Medium","true","RVP Central","MO",,"2019-08-20T07:00:00.000Z","Central Sales","Arbitration Solutions 38","00E5w000004erLxEAI","2019_06","RVPCentral","00E5w000004erLvEAI","https://samennis-20200526-demo--c.documentforce.com/profilephoto/7295w000000W2nU/T","Retail","Corporate","rgonzale1590550477838@demo.user","Arbitration Solutions","Rebecca Gonzalez","CentralSales",,81.9298,3532000,112,82
"0015w00002DFOCHAA5","00E5w000004erLzEAI/00E5w000004erM0EAI/00E5w000004erLvEAI","0065w000022R2sNAAS","Unitus Leadership Systems","https://samennis-20200526-demo--c.documentforce.com/profilephoto/7295w000000W2nP/F","Heather Greer",,"2020-05-27T03:56:17.000Z","Andrew Martin","0055w00000D4KBpAAN","Heather Greer","Heather Greer","Heather Greer/Andrew Martin/Elliot Executive/Sam Ennis","Andrew Martin","Andrew Martin","Cold Call","00E5w000004erLyEAI","Unitus Leadership Systems","true","Low","true","RVP West","MT",,"2018-08-27T07:00:00.000Z","West Sales","Unitus Leadership Systems 61","00E5w000004erLzEAI","2019_06","RVPWest","00E5w000004erLvEAI","https://samennis-20200526-demo--c.documentforce.com/profilephoto/7295w000000W2nP/T","Transportation","T100","hgreer1590550477812@demo.user","Unitus Leadership Systems","Heather Greer","WestSales",,30.1061,4343760000,22732,30
"0015w00002DFNQpAAP","00E5w000004erLxEAI/00E5w000004erM0EAI/00E5w000004erLvEAI","0065w000022R1t1AAC","Tech Talent","https://samennis-20200526-demo--c.documentforce.com/profilephoto/7295w000000W2nZ/F","Michelle Stanley",,"2020-05-27T03:50:08.000Z","Elliot Executive","0055w00000D4KBrAAN","Michelle Stanley","Michelle Stanley","Michelle Stanley/John Chen/Elliot Executive/Sam Ennis","Elliot Executive","John Chen","Marketing Event","00E5w000004erLwEAI","Tech Talent","true","Low","true","RVP Central","MO",,"2019-03-18T07:00:00.000Z","Central Sales","Tech Talent 195","00E5w000004erLxEAI","2019_06","RVPCentral","00E5w000004erLvEAI","https://samennis-20200526-demo--c.documentforce.com/profilephoto/7295w000000W2nZ/T","Financial Services","Corporate","mstanley1590550477825@demo.user","Tech Talent","Michelle Stanley","CentralSales",,15,2587000,23,15
"0015w00002DFO3ZAAX","00E5w000004erLzEAI/00E5w000004erM0EAI/00E5w000004erLvEAI","0065w000022R2h8AAC","Newmarket International","https://samennis-20200526-demo--c.documentforce.com/profilephoto/7295w000000W2nK/F","Amanda Hernandez",,"2020-05-27T03:54:42.000Z","Amanda Hernandez","0055w00000D4KBfAAN","Amanda Hernandez","Amanda Hernandez","Amanda Hernandez/Andrew Martin/Elliot Executive/Sam Ennis","Amanda Hernandez","Andrew Martin","Cold Call","00E5w000004erLyEAI","Newmarket International","true","Low","true","RVP West","MT",,"2020-03-05T08:00:00.000Z","West Sales","Newmarket International 19","00E5w000004erLzEAI","2019_06","RVPWest","00E5w000004erLvEAI","https://samennis-20200526-demo--c.documentforce.com/profilephoto/7295w000000W2nK/T","Entertainment","Mid-Market","ahernand1590550477747@demo.user","Newmarket International","Amanda Hernandez","WestSales",,8.1667,393882000,901,8
"0015w00002DFOANAA5","00E5w000004erLzEAI/00E5w000004erM0EAI/00E5w000004erLvEAI","0065w000022R2pzAAC","First Fleet Corp","https://samennis-20200526-demo--c.documentforce.com/profilephoto/7295w000000W2nK/F","Amanda Hernandez",,"2020-05-27T03:56:04.000Z","Amanda Hernandez","0055w00000D4KBfAAN","Amanda Hernandez","Amanda Hernandez","Amanda Hernandez/Andrew Martin/Elliot Executive/Sam Ennis","Amanda Hernandez","Andrew Martin","Inbound Call","00E5w000004erLyEAI","First Fleet Corp","true","Low","true","RVP West","CA",,"2018-11-15T08:00:00.000Z","West Sales","First Fleet Corp 25","00E5w000004erLzEAI","2019_06","RVPWest","00E5w000004erLvEAI","https://samennis-20200526-demo--c.documentforce.com/profilephoto/7295w000000W2nK/T","Entertainment","T100","ahernand1590550477747@demo.user","First Fleet Corp","Amanda Hernandez","WestSales",,4.7133,4842897000,1,5
"0015w00002DFNewAAH","00E5w000004erM7EAI/00E5w000004erM0EAI/00E5w000004erLvEAI","0065w000022R2B9AAK","Carpet One","https://samennis-20200526-demo--c.documentforce.com/profilephoto/7295w000000W2n5/F","Steven Mathis",,"2020-05-27T03:52:11.000Z","Edwin Tucker","0055w00000D4KBlAAN","Steven Mathis","Steven Mathis","Steven Mathis/Edwin Tucker/Elliot Executive/Sam Ennis","Edwin Tucker","Edwin Tucker","Cold Call","00E5w000004erM5EAI","Carpet One","true","Low","true","RVP East","VT",,"2018-08-14T07:00:00.000Z","East Sales","Carpet One 18","00E5w000004erM7EAI","2019_07","RVPEast","00E5w000004erLvEAI","https://samennis-20200526-demo--c.documentforce.com/profilephoto/7295w000000W2n5/T","Apparel","Corporate","smathis1590550477787@demo.user","Carpet One","Steven Mathis","EastSales",,0.7,7924000,77,1
"0015w00002DFNewAAH","00E5w000004erM7EAI/00E5w000004erM0EAI/00E5w000004erLvEAI","0065w000022R2B9AAK","Carpet One","https://samennis-20200526-demo--c.documentforce.com/profilephoto/7295w000000W2n5/F","Steven Mathis",,"2020-05-27T03:52:11.000Z","Edwin Tucker","0055w00000D4KBlAAN","Steven Mathis","Steven Mathis","Steven Mathis/Edwin Tucker/Elliot Executive/Sam Ennis","Edwin Tucker","Edwin Tucker","Cold Call","00E5w000004erM5EAI","Carpet One","true","Low","true","RVP East","VT",,"2018-08-14T07:00:00.000Z","East Sales","Carpet One 18","00E5w000004erM7EAI","2019_10","RVPEast","00E5w000004erLvEAI","https://samennis-20200526-demo--c.documentforce.com/profilephoto/7295w000000W2n5/T","Apparel","Corporate","smathis1590550477787@demo.user","Carpet One","Steven Mathis","EastSales",,0,7924000,77,0
"0015w00002DFNJEAA5","00E5w000004erLzEAI/00E5w000004erM0EAI/00E5w000004erLvEAI","0065w000022R1iCAAS","WCOIL   Ltd","https://samennis-20200526-demo--c.documentforce.com/profilephoto/7295w000000W2nK/F","Amanda Hernandez",,"2020-05-27T03:49:30.000Z","Amanda Hernandez","0055w00000D4KBfAAN","Amanda Hernandez","Amanda Hernandez","Amanda Hernandez/Andrew Martin/Elliot Executive/Sam Ennis","Amanda Hernandez","Andrew Martin","Inbound Call","00E5w000004erLyEAI","WCOIL   Ltd","true","Medium","true","RVP West","WA",,"2020-01-31T08:00:00.000Z","West Sales","WCOIL   Ltd 148","00E5w000004erLzEAI","2019_10","RVPWest","00E5w000004erLvEAI","https://samennis-20200526-demo--c.documentforce.com/profilephoto/7295w000000W2nK/T","Chemicals","Corporate","ahernand1590550477747@demo.user","WCOIL   Ltd","Amanda Hernandez","WestSales",,79.2856,2181000,159,79
"0015w00002DFNJBAA5","00E5w000004erLzEAI/00E5w000004erM0EAI/00E5w000004erLvEAI","0065w000022R1i9AAC","CyberTrader","https://samennis-20200526-demo--c.documentforce.com/profilephoto/7295w000000W2nP/F","Heather Greer",,"2020-05-27T03:49:30.000Z","Andrew Martin","0055w00000D4KBpAAN","Heather Greer","Heather Greer","Heather Greer/Andrew Martin/Elliot Executive/Sam Ennis","Andrew Martin","Andrew Martin","Data.com","00E5w000004erLyEAI","CyberTrader","true","Low","true","RVP West","UT",,"2019-03-03T08:00:00.000Z","West Sales","CyberTrader 38","00E5w000004erLzEAI","2019_10","RVPWest","00E5w000004erLvEAI","https://samennis-20200526-demo--c.documentforce.com/profilephoto/7295w000000W2nP/T","Recreation","Corporate","hgreer1590550477812@demo.user","CyberTrader","Heather Greer","WestSales",,12.6667,9551000,115,13
"0015w00002DFNCwAAP","00E5w000004erLzEAI/00E5w000004erM0EAI/00E5w000004erLvEAI","0065w000022R1ZTAA0","Cipient Networks Inc","https://samennis-20200526-demo--c.documentforce.com/profilephoto/7295w000000W2nF/F","Mary Powers",,"2020-05-27T03:49:09.000Z","Andrew Martin","0055w00000D4KBeAAN","Mary Powers","Mary Powers","Mary Powers/Andrew Martin/Elliot Executive/Sam Ennis","Andrew Martin","Andrew Martin","Partner","00E5w000004erLyEAI","Cipient Networks Inc","true","High","true","RVP West","WA",,"2019-08-14T07:00:00.000Z","West Sales","Cipient Networks Inc 16","00E5w000004erLzEAI","2019_10","RVPWest","00E5w000004erLvEAI","https://samennis-20200526-demo--c.documentforce.com/profilephoto/7295w000000W2nF/T","Engineering","Corporate","mpowers1590550477739@demo.user","Cipient Networks Inc","Mary Powers","WestSales",,202.5956,7269000,245,203
"0015w00002DFO1RAAX","00E5w000004erM7EAI/00E5w000004erM0EAI/00E5w000004erLvEAI","0065w000022R2eNAAS","General Casualty Co","https://samennis-20200526-demo--c.documentforce.com/profilephoto/7295w000000W2mg/F","Kaitlyn Guerrero",,"2020-05-27T03:54:34.000Z","Edwin Tucker","0055w00000D4KBkAAN","Kaitlyn Guerrero","Kaitlyn Guerrero","Kaitlyn Guerrero/Edwin Tucker/Elliot Executive/Sam Ennis","Edwin Tucker","Edwin Tucker","Marketing Event","00E5w000004erM5EAI","General Casualty Co","true","Low","true","RVP East","NC",,"2020-04-30T07:00:00.000Z","East Sales","General Casualty Co 193","00E5w000004erM7EAI","2019_10","RVPEast","00E5w000004erLvEAI","https://samennis-20200526-demo--c.documentforce.com/profilephoto/7295w000000W2mg/T","Manufacturing","SMB","kguerrer1590550477782@demo.user","General Casualty Co","Kaitlyn Guerrero","EastSales",,1.0769,29123000,572,1
"0015w00002DFOCUAA5","00E5w000004erLzEAI/00E5w000004erM0EAI/00E5w000004erLvEAI","0065w000022R2shAAC","eB2X","https://samennis-20200526-demo--c.documentforce.com/profilephoto/7295w000000W2nF/F","Mary Powers",,"2020-05-27T03:56:17.000Z","Andrew Martin","0055w00000D4KBeAAN","Mary Powers","Mary Powers","Mary Powers/Andrew Martin/Elliot Executive/Sam Ennis","Andrew Martin","Andrew Martin","Social Media","00E5w000004erLyEAI","eB2X","true","High","true","RVP West","NV",,"2020-02-16T08:00:00.000Z","West Sales","eB2X 74","00E5w000004erLzEAI","2019_10","RVPWest","00E5w000004erLvEAI","https://samennis-20200526-demo--c.documentforce.com/profilephoto/7295w000000W2nF/T","Shipping","T100","mpowers1590550477739@demo.user","eB2X","Mary Powers","WestSales",,1932.098,7487020000,19970,1932
"0015w00002DFNTeAAP","00E5w000004erLzEAI/00E5w000004erM0EAI/00E5w000004erLvEAI","0065w000022R1wjAAC","Kenwal Steel Corp.","https://samennis-20200526-demo--c.documentforce.com/profilephoto/7295w000000W2nB/F","Meagan Blevins",,"2020-05-27T03:50:14.000Z","Andrew Martin","0055w00000D4KBhAAN","Meagan Blevins","Meagan Blevins","Meagan Blevins/Andrew Martin/Elliot Executive/Sam Ennis","Andrew Martin","Andrew Martin","Social Media","00E5w000004erLyEAI","Kenwal Steel Corp.","true","Low","true","RVP West","WA",,"2019-06-27T07:00:00.000Z","West Sales","Kenwal Steel Corp. 254","00E5w000004erLzEAI","2019_10","RVPWest","00E5w000004erLvEAI","https://samennis-20200526-demo--c.documentforce.com/profilephoto/7295w000000W2nB/T","Consulting","Corporate","mblevins1590550477762@demo.user","Kenwal Steel Corp.","Meagan Blevins","WestSales",,7,4606000,173,7
"0015w00002DFNdvAAH","00E5w000004erLxEAI/00E5w000004erM0EAI/00E5w000004erLvEAI","0065w000022R29xAAC","eStudio","https://samennis-20200526-demo--c.documentforce.com/profilephoto/7295w000000W2nZ/F","Michelle Stanley",,"2020-05-27T03:52:01.000Z","Elliot Executive","0055w00000D4KBrAAN","Michelle Stanley","Michelle Stanley","Michelle Stanley/John Chen/Elliot Executive/Sam Ennis","Elliot Executive","John Chen","Cold Call","00E5w000004erLwEAI","eStudio","true","Low","true","RVP Central","PA",,"2019-12-29T08:00:00.000Z","Central Sales","eStudio 250","00E5w000004erLxEAI","2019_10","RVPCentral","00E5w000004erLvEAI","https://samennis-20200526-demo--c.documentforce.com/profilephoto/7295w000000W2nZ/T","Other","Corporate","mstanley1590550477825@demo.user","eStudio","Michelle Stanley","CentralSales",,14,5314000,75,14
"0015w00002DFNTaAAP","00E5w000004erLxEAI/00E5w000004erM0EAI/00E5w000004erLvEAI","0065w000022R1wfAAC","ICC Industries","https://samennis-20200526-demo--c.documentforce.com/profilephoto/7295w000000W2nU/F","Rebecca Gonzalez",,"2020-05-27T03:50:14.000Z","Elliot Executive","0055w00000D4KBtAAN","Rebecca Gonzalez","Rebecca Gonzalez","Rebecca Gonzalez/John Chen/Elliot Executive/Sam Ennis","Elliot Executive","John Chen","Inbound Call","00E5w000004erLwEAI","ICC Industries","true","Low","true","RVP Central","IL",,"2020-01-06T08:00:00.000Z","Central Sales","ICC Industries 171","00E5w000004erLxEAI","2019_10","RVPCentral","00E5w000004erLvEAI","https://samennis-20200526-demo--c.documentforce.com/profilephoto/7295w000000W2nU/T","Communications","Corporate","rgonzale1590550477838@demo.user","ICC Industries","Rebecca Gonzalez","CentralSales",,0,9486000,109,0
"0015w00002DFNI4AAP","00E5w000004erLzEAI/00E5w000004erM0EAI/00E5w000004erLvEAI","0065w000022R1gbAAC","Toledo Medical Imaging","https://samennis-20200526-demo--c.documentforce.com/profilephoto/7295w000000W2nF/F","Mary Powers",,"2020-05-27T03:49:30.000Z","Andrew Martin","0055w00000D4KBeAAN","Mary Powers","Mary Powers","Mary Powers/Andrew Martin/Elliot Executive/Sam Ennis","Andrew Martin","Andrew Martin","Referral","00E5w000004erLyEAI","Toledo Medical Imaging","true","Low","true","RVP West","AK",,"2019-05-11T07:00:00.000Z","West Sales","Toledo Medical Imaging 133","00E5w000004erLzEAI","2019_07","RVPWest","00E5w000004erLvEAI","https://samennis-20200526-demo--c.documentforce.com/profilephoto/7295w000000W2nF/T","Consulting","Corporate","mpowers1590550477739@demo.user","Toledo Medical Imaging","Mary Powers","WestSales",,42.6265,4289000,124,43
"0015w00002DFNxvAAH","00E5w000004erLxEAI/00E5w000004erM0EAI/00E5w000004erLvEAI","0065w000022R2aUAAS","Pitney Bowes Distribution Ctr","https://samennis-20200526-demo--c.documentforce.com/profilephoto/7295w000000W2ne/F","Robin Montgomery",,"2020-05-27T03:54:24.000Z","Elliot Executive","0055w00000D4KBnAAN","Robin Montgomery","Robin Montgomery","Robin Montgomery/John Chen/Elliot Executive/Sam Ennis","Elliot Executive","John Chen","Marketing Event","00E5w000004erLwEAI","Pitney Bowes Distribution Ctr","true","Medium","true","RVP Central","IN",,"2019-02-18T08:00:00.000Z","Central Sales","Pitney Bowes Distribution Ctr 142","00E5w000004erLxEAI","2019_07","RVPCentral","00E5w000004erLvEAI","https://samennis-20200526-demo--c.documentforce.com/profilephoto/7295w000000W2ne/T","Chemicals","Corporate","rmontgom1590550477800@demo.user","Pitney Bowes Distribution Ctr","Robin Montgomery","CentralSales",,76,6858000,61166,76
"0015w00002DFOCaAAP","00E5w000004erLxEAI/00E5w000004erM0EAI/00E5w000004erLvEAI","0065w000022R2sqAAC","IMTS Silicon Motor Speedway","https://samennis-20200526-demo--c.documentforce.com/profilephoto/7295w000000W2nZ/F","Michelle Stanley",,"2020-05-27T03:56:17.000Z","Elliot Executive","0055w00000D4KBrAAN","Michelle Stanley","Michelle Stanley","Michelle Stanley/John Chen/Elliot Executive/Sam Ennis","Elliot Executive","John Chen","Social Media","00E5w000004erLwEAI","IMTS Silicon Motor Speedway","true","Low","true","RVP Central","MN",,"2018-05-29T07:00:00.000Z","Central Sales","IMTS Silicon Motor Speedway 191","00E5w000004erLxEAI","2019_07","RVPCentral","00E5w000004erLvEAI","https://samennis-20200526-demo--c.documentforce.com/profilephoto/7295w000000W2nZ/T","Banking","T100","mstanley1590550477825@demo.user","IMTS Silicon Motor Speedway","Michelle Stanley","CentralSales",,8.6761,3215159000,15614,9
"0015w00002DFNLUAA5","00E5w000004erLxEAI/00E5w000004erM0EAI/00E5w000004erLvEAI","0065w000022R1lOAAS","Arbitration Solutions","https://samennis-20200526-demo--c.documentforce.com/profilephoto/7295w000000W2nU/F","Rebecca Gonzalez",,"2020-05-27T03:49:40.000Z","Elliot Executive","0055w00000D4KBtAAN","Rebecca Gonzalez","Rebecca Gonzalez","Rebecca Gonzalez/John Chen/Elliot Executive/Sam Ennis","Elliot Executive","John Chen","Data.com","00E5w000004erLwEAI","Arbitration Solutions","true","Medium","true","RVP Central","MO",,"2019-08-20T07:00:00.000Z","Central Sales","Arbitration Solutions 38","00E5w000004erLxEAI","2019_07","RVPCentral","00E5w000004erLvEAI","https://samennis-20200526-demo--c.documentforce.com/profilephoto/7295w000000W2nU/T","Retail","Corporate","rgonzale1590550477838@demo.user","Arbitration Solutions","Rebecca Gonzalez","CentralSales",,78.7411,3532000,112,79
"0015w00002DFNDLAA5","00E5w000004erLzEAI/00E5w000004erM0EAI/00E5w000004erLvEAI","0065w000022R1a4AAC","Gas Equipment Company","https://samennis-20200526-demo--c.documentforce.com/profilephoto/7295w000000W2nK/F","Amanda Hernandez",,"2020-05-27T03:49:09.000Z","Amanda Hernandez","0055w00000D4KBfAAN","Amanda Hernandez","Amanda Hernandez","Amanda Hernandez/Andrew Martin/Elliot Executive/Sam Ennis","Amanda Hernandez","Andrew Martin","Social Media","00E5w000004erLyEAI","Gas Equipment Company","true","Low","true","RVP West","WY",,"2018-07-14T07:00:00.000Z","West Sales","Gas Equipment Company 78","00E5w000004erLzEAI","2019_07","RVPWest","00E5w000004erLvEAI","https://samennis-20200526-demo--c.documentforce.com/profilephoto/7295w000000W2nK/T","Electronics","Corporate","ahernand1590550477747@demo.user","Gas Equipment Company","Amanda Hernandez","WestSales",,31.5386,8657000,46,32
"0015w00002DFO7xAAH","00E5w000004erLxEAI/00E5w000004erM0EAI/00E5w000004erLvEAI","0065w000022R2mzAAC","John Q. Hammons Hotels","https://samennis-20200526-demo--c.documentforce.com/profilephoto/7295w000000W2mW/F","Crystal Stevens",,"2020-05-27T03:55:53.000Z","Crystal Stevens","0055w00000D4KBsAAN","Crystal Stevens","Crystal Stevens","Crystal Stevens/John Chen/Elliot Executive/Sam Ennis","Crystal Stevens","John Chen","Community","00E5w000004erLwEAI","John Q. Hammons Hotels","true","Low","true","RVP Central","NY",,"2020-02-19T08:00:00.000Z","Central Sales","John Q. Hammons Hotels 236","00E5w000004erLxEAI","2019_07","RVPCentral","00E5w000004erLvEAI","https://samennis-20200526-demo--c.documentforce.com/profilephoto/7295w000000W2mW/T","Machinery","Enterprise","cstevens1590550477831@demo.user","John Q. Hammons Hotels","Crystal Stevens","CentralSales",,2.1538,1848259000,3821,2
"0015w00002DFNWxAAP","00E5w000004erLzEAI/00E5w000004erM0EAI/00E5w000004erLvEAI","0065w000022R219AAC","Westwave Communications","https://samennis-20200526-demo--c.documentforce.com/profilephoto/7295w000000W2nF/F","Mary Powers",,"2020-05-27T03:51:40.000Z","Andrew Martin","0055w00000D4KBeAAN","Mary Powers","Mary Powers","Mary Powers/Andrew Martin/Elliot Executive/Sam Ennis","Andrew Martin","Andrew Martin","Community","00E5w000004erLyEAI","Westwave Communications","true","Low","true","RVP West","CA",,"2019-03-14T07:00:00.000Z","West Sales","Westwave Communications 195","00E5w000004erLzEAI","2019_07","RVPWest","00E5w000004erLvEAI","https://samennis-20200526-demo--c.documentforce.com/profilephoto/7295w000000W2nF/T","Communications","Corporate","mpowers1590550477739@demo.user","Westwave Communications","Mary Powers","WestSales",,15.0338,6326000,50,15
"0015w00002DFO3ZAAX","00E5w000004erLzEAI/00E5w000004erM0EAI/00E5w000004erLvEAI","0065w000022R2h8AAC","Newmarket International","https://samennis-20200526-demo--c.documentforce.com/profilephoto/7295w000000W2nK/F","Amanda Hernandez",,"2020-05-27T03:54:42.000Z","Amanda Hernandez","0055w00000D4KBfAAN","Amanda Hernandez","Amanda Hernandez","Amanda Hernandez/Andrew Martin/Elliot Executive/Sam Ennis","Amanda Hernandez","Andrew Martin","Cold Call","00E5w000004erLyEAI","Newmarket International","true","Low","true","RVP West","MT",,"2020-03-05T08:00:00.000Z","West Sales","Newmarket International 19","00E5w000004erLzEAI","2019_07","RVPWest","00E5w000004erLvEAI","https://samennis-20200526-demo--c.documentforce.com/profilephoto/7295w000000W2nK/T","Entertainment","Mid-Market","ahernand1590550477747@demo.user","Newmarket International","Amanda Hernandez","WestSales",,11,393882000,901,11
"0015w00002DFNdoAAH","00E5w000004erLxEAI/00E5w000004erM0EAI/00E5w000004erLvEAI","0065w000022R29mAAC","Computercare","https://samennis-20200526-demo--c.documentforce.com/profilephoto/7295w000000W2mW/F","Crystal Stevens",,"2020-05-27T03:52:01.000Z","Crystal Stevens","0055w00000D4KBsAAN","Crystal Stevens","Crystal Stevens","Crystal Stevens/John Chen/Elliot Executive/Sam Ennis","Crystal Stevens","John Chen","Partner","00E5w000004erLwEAI","Computercare","true","Low","true","RVP Central","OK",,"2018-11-22T08:00:00.000Z","Central Sales","Computercare 126","00E5w000004erLxEAI","2019_07","RVPCentral","00E5w000004erLvEAI","https://samennis-20200526-demo--c.documentforce.com/profilephoto/7295w000000W2mW/T","Financial Services","Corporate","cstevens1590550477831@demo.user","Computercare","Crystal Stevens","CentralSales",,10.5,5148000,156,11
"0015w00002DFNTeAAP","00E5w000004erLzEAI/00E5w000004erM0EAI/00E5w000004erLvEAI","0065w000022R1wjAAC","Kenwal Steel Corp.","https://samennis-20200526-demo--c.documentforce.com/profilephoto/7295w000000W2nB/F","Meagan Blevins",,"2020-05-27T03:50:14.000Z","Andrew Martin","0055w00000D4KBhAAN","Meagan Blevins","Meagan Blevins","Meagan Blevins/Andrew Martin/Elliot Executive/Sam Ennis","Andrew Martin","Andrew Martin","Social Media","00E5w000004erLyEAI","Kenwal Steel Corp.","true","Low","true","RVP West","WA",,"2019-06-27T07:00:00.000Z","West Sales","Kenwal Steel Corp. 254","00E5w000004erLzEAI","2019_07","RVPWest","00E5w000004erLvEAI","https://samennis-20200526-demo--c.documentforce.com/profilephoto/7295w000000W2nB/T","Consulting","Corporate","mblevins1590550477762@demo.user","Kenwal Steel Corp.","Meagan Blevins","WestSales",,7,4606000,173,7
"0015w00002DFNL0AAP","00E5w000004erLxEAI/00E5w000004erM0EAI/00E5w000004erLvEAI","0065w000022R1kiAAC","ARI Network Services","https://samennis-20200526-demo--c.documentforce.com/profilephoto/7295w000000W2mW/F","Crystal Stevens",,"2020-05-27T03:49:40.000Z","Crystal Stevens","0055w00000D4KBsAAN","Crystal Stevens","Crystal Stevens","Crystal Stevens/John Chen/Elliot Executive/Sam Ennis","Crystal Stevens","John Chen","Social Media","00E5w000004erLwEAI","ARI Network Services","true","High","true","RVP Central","KS",,"2018-08-04T07:00:00.000Z","Central Sales","ARI Network Services 243","00E5w000004erLxEAI","2019_07","RVPCentral","00E5w000004erLvEAI","https://samennis-20200526-demo--c.documentforce.com/profilephoto/7295w000000W2mW/T","Retail","Corporate","cstevens1590550477831@demo.user","ARI Network Services","Crystal Stevens","CentralSales",,217,8851000,43,217
"0015w00002DFNQ2AAP","00E5w000004erLzEAI/00E5w000004erM0EAI/00E5w000004erLvEAI","0065w000022R1s1AAC","SunTrust Banks","https://samennis-20200526-demo--c.documentforce.com/profilephoto/7295w000000W2nK/F","Amanda Hernandez",,"2020-05-27T03:49:58.000Z","Amanda Hernandez","0055w00000D4KBfAAN","Amanda Hernandez","Amanda Hernandez","Amanda Hernandez/Andrew Martin/Elliot Executive/Sam Ennis","Amanda Hernandez","Andrew Martin","Social Media","00E5w000004erLyEAI","SunTrust Banks","true","Low","true","RVP West","CO",,"2018-08-14T07:00:00.000Z","West Sales","SunTrust Banks 33","00E5w000004erLzEAI","2019_08","RVPWest","00E5w000004erLvEAI","https://samennis-20200526-demo--c.documentforce.com/profilephoto/7295w000000W2nK/T","Manufacturing","Corporate","ahernand1590550477747@demo.user","SunTrust Banks","Amanda Hernandez","WestSales",,3.85,6586000,135,4
"0015w00002DFNWGAA5","00E5w000004erLxEAI/00E5w000004erM0EAI/00E5w000004erLvEAI","0065w000022R208AAC","Celebrate As One","https://samennis-20200526-demo--c.documentforce.com/profilephoto/7295w000000W2nU/F","Rebecca Gonzalez",,"2020-05-27T03:51:31.000Z","Elliot Executive","0055w00000D4KBtAAN","Rebecca Gonzalez","Rebecca Gonzalez","Rebecca Gonzalez/John Chen/Elliot Executive/Sam Ennis","Elliot Executive","John Chen","Inbound Call","00E5w000004erLwEAI","Celebrate As One","true","Low","true","RVP Central","OH",,"2019-01-04T08:00:00.000Z","Central Sales","Celebrate As One 181","00E5w000004erLxEAI","2019_08","RVPCentral","00E5w000004erLvEAI","https://samennis-20200526-demo--c.documentforce.com/profilephoto/7295w000000W2nU/T","Energy","Corporate","rgonzale1590550477838@demo.user","Celebrate As One","Rebecca Gonzalez","CentralSales",,5.4238,5907000,182,5
"0015w00002DFNYkAAP","00E5w000004erLzEAI/00E5w000004erM0EAI/00E5w000004erLvEAI","0065w000022R23TAAS","Sales Consultants","https://samennis-20200526-demo--c.documentforce.com/profilephoto/7295w000000W2nF/F","Mary Powers",,"2020-05-27T03:51:40.000Z","Andrew Martin","0055w00000D4KBeAAN","Mary Powers","Mary Powers","Mary Powers/Andrew Martin/Elliot Executive/Sam Ennis","Andrew Martin","Andrew Martin","Referral","00E5w000004erLyEAI","Sales Consultants","true","Low","true","RVP West","AK",,"2018-08-27T07:00:00.000Z","West Sales","Sales Consultants 226","00E5w000004erLzEAI","2019_08","RVPWest","00E5w000004erLvEAI","https://samennis-20200526-demo--c.documentforce.com/profilephoto/7295w000000W2nF/T","Recreation","Corporate","mpowers1590550477739@demo.user","Sales Consultants","Mary Powers","WestSales",,3.5,3619000,102,4
"0015w00002DFNVJAA5","00E5w000004erLxEAI/00E5w000004erM0EAI/00E5w000004erLvEAI","0065w000022R1ywAAC","Acutherm","https://samennis-20200526-demo--c.documentforce.com/profilephoto/7295w000000W2mW/F","Crystal Stevens",,"2020-05-27T03:51:31.000Z","Crystal Stevens","0055w00000D4KBsAAN","Crystal Stevens","Crystal Stevens","Crystal Stevens/John Chen/Elliot Executive/Sam Ennis","Crystal Stevens","John Chen","Referral","00E5w000004erLwEAI","Acutherm","true","High","true","RVP Central","IL",,"2019-11-17T08:00:00.000Z","Central Sales","Acutherm 197","00E5w000004erLxEAI","2019_08","RVPCentral","00E5w000004erLvEAI","https://samennis-20200526-demo--c.documentforce.com/profilephoto/7295w000000W2mW/T","Banking","Corporate","cstevens1590550477831@demo.user","Acutherm","Crystal Stevens","CentralSales",,125.4074,7625000,68,125
"0015w00002DFNWxAAP","00E5w000004erLzEAI/00E5w000004erM0EAI/00E5w000004erLvEAI","0065w000022R219AAC","Westwave Communications","https://samennis-20200526-demo--c.documentforce.com/profilephoto/7295w000000W2nF/F","Mary Powers",,"2020-05-27T03:51:40.000Z","Andrew Martin","0055w00000D4KBeAAN","Mary Powers","Mary Powers","Mary Powers/Andrew Martin/Elliot Executive/Sam Ennis","Andrew Martin","Andrew Martin","Community","00E5w000004erLyEAI","Westwave Communications","true","Low","true","RVP West","CA",,"2019-03-14T07:00:00.000Z","West Sales","Westwave Communications 195","00E5w000004erLzEAI","2019_08","RVPWest","00E5w000004erLvEAI","https://samennis-20200526-demo--c.documentforce.com/profilephoto/7295w000000W2nF/T","Communications","Corporate","mpowers1590550477739@demo.user","Westwave Communications","Mary Powers","WestSales",,34,6326000,50,34
"0015w00002DFNI4AAP","00E5w000004erLzEAI/00E5w000004erM0EAI/00E5w000004erLvEAI","0065w000022R1gbAAC","Toledo Medical Imaging","https://samennis-20200526-demo--c.documentforce.com/profilephoto/7295w000000W2nF/F","Mary Powers",,"2020-05-27T03:49:30.000Z","Andrew Martin","0055w00000D4KBeAAN","Mary Powers","Mary Powers","Mary Powers/Andrew Martin/Elliot Executive/Sam Ennis","Andrew Martin","Andrew Martin","Referral","00E5w000004erLyEAI","Toledo Medical Imaging","true","Low","true","RVP West","AK",,"2019-05-11T07:00:00.000Z","West Sales","Toledo Medical Imaging 133","00E5w000004erLzEAI","2019_08","RVPWest","00E5w000004erLvEAI","https://samennis-20200526-demo--c.documentforce.com/profilephoto/7295w000000W2nF/T","Consulting","Corporate","mpowers1590550477739@demo.user","Toledo Medical Imaging","Mary Powers","WestSales",,48.6818,4289000,124,49
"0015w00002DFOBwAAP","00E5w000004erLzEAI/00E5w000004erM0EAI/00E5w000004erLvEAI","0065w000022R2rxAAC","Yunker Industries","https://samennis-20200526-demo--c.documentforce.com/profilephoto/7295w000000W2nA/F","Kristen Miller",,"2020-05-27T03:56:17.000Z","Andrew Martin","0055w00000D4KBqAAN","Kristen Miller","Kristen Miller","Kristen Miller/Andrew Martin/Elliot Executive/Sam Ennis","Andrew Martin","Andrew Martin","Marketing Event","00E5w000004erLyEAI","Yunker Industries","true","Low","true","RVP West","UT",,"2019-01-25T08:00:00.000Z","West Sales","Yunker Industries 188","00E5w000004erLzEAI","2019_08","RVPWest","00E5w000004erLvEAI","https://samennis-20200526-demo--c.documentforce.com/profilephoto/7295w000000W2nA/T","Hospitality","T100","kmiller1590550477818@demo.user","Yunker Industries","Kristen Miller","WestSales",,0,4930081000,1258,0
"0015w00002DFNHlAAP","00E5w000004erLxEAI/00E5w000004erM0EAI/00E5w000004erLvEAI","0065w000022R1gCAAS","In2Change Inc","https://samennis-20200526-demo--c.documentforce.com/profilephoto/7295w000000W2mb/F","Theresa Jones",,"2020-05-27T03:49:30.000Z","Elliot Executive","0055w00000D4KBoAAN","Theresa Jones","Theresa Jones","Theresa Jones/John Chen/Elliot Executive/Sam Ennis","Elliot Executive","John Chen","Cold Call","00E5w000004erLwEAI","In2Change Inc","true","Low","true","RVP Central","IN",,"2019-08-25T07:00:00.000Z","Central Sales","In2Change Inc 153","00E5w000004erLxEAI","2019_08","RVPCentral","00E5w000004erLvEAI","https://samennis-20200526-demo--c.documentforce.com/profilephoto/7295w000000W2mb/T","Technology","Corporate","tjones1590550477806@demo.user","In2Change Inc","Theresa Jones","CentralSales",,0,5333000,216,0
"0015w00002DFNdvAAH","00E5w000004erLxEAI/00E5w000004erM0EAI/00E5w000004erLvEAI","0065w000022R29xAAC","eStudio","https://samennis-20200526-demo--c.documentforce.com/profilephoto/7295w000000W2nZ/F","Michelle Stanley",,"2020-05-27T03:52:01.000Z","Elliot Executive","0055w00000D4KBrAAN","Michelle Stanley","Michelle Stanley","Michelle Stanley/John Chen/Elliot Executive/Sam Ennis","Elliot Executive","John Chen","Cold Call","00E5w000004erLwEAI","eStudio","true","Low","true","RVP Central","PA",,"2019-12-29T08:00:00.000Z","Central Sales","eStudio 250","00E5w000004erLxEAI","2019_08","RVPCentral","00E5w000004erLvEAI","https://samennis-20200526-demo--c.documentforce.com/profilephoto/7295w000000W2nZ/T","Other","Corporate","mstanley1590550477825@demo.user","eStudio","Michelle Stanley","CentralSales",,14,5314000,75,14
"0015w00002DFOBvAAP","00E5w000004erLzEAI/00E5w000004erM0EAI/00E5w000004erLvEAI","0065w000022R2rvAAC","Autobahn Wholesale","https://samennis-20200526-demo--c.documentforce.com/profilephoto/7295w000000W2mR/F","Brandy Mullins",,"2020-05-27T03:56:17.000Z","Andrew Martin","0055w00000D4KBgAAN","Brandy Mullins","Brandy Mullins","Brandy Mullins/Andrew Martin/Elliot Executive/Sam Ennis","Andrew Martin","Andrew Martin","Referral","00E5w000004erLyEAI","Autobahn Wholesale","true","Low","true","RVP West","ID",,"2019-06-04T07:00:00.000Z","West Sales","Autobahn Wholesale 157","00E5w000004erLzEAI","2019_08","RVPWest","00E5w000004erLvEAI","https://samennis-20200526-demo--c.documentforce.com/profilephoto/7295w000000W2mR/T","Insurance","T100","bmullins1590550477755@demo.user","Autobahn Wholesale","Brandy Mullins","WestSales",,0,6189411000,1418,0
"0015w00002DFNpUAAX","00E5w000004erLxEAI/00E5w000004erM0EAI/00E5w000004erLvEAI","0065w000022R2OmAAK","Baron Group Inc","https://samennis-20200526-demo--c.documentforce.com/profilephoto/7295w000000W2ne/F","Robin Montgomery",,"2020-05-27T03:53:44.000Z","Elliot Executive","0055w00000D4KBnAAN","Robin Montgomery","Robin Montgomery","Robin Montgomery/John Chen/Elliot Executive/Sam Ennis","Elliot Executive","John Chen","Inbound Call","00E5w000004erLwEAI","Baron Group Inc","true","Low","true","RVP Central","NJ",,"2020-02-19T08:00:00.000Z","Central Sales","Baron Group Inc 118","00E5w000004erLxEAI","2019_09","RVPCentral","00E5w000004erLvEAI","https://samennis-20200526-demo--c.documentforce.com/profilephoto/7295w000000W2ne/T","Manufacturing","Corporate","rmontgom1590550477800@demo.user","Baron Group Inc","Robin Montgomery","CentralSales",,2.3333,5782000,153,2
"0015w00002DFNVjAAP","00E5w000004erLxEAI/00E5w000004erM0EAI/00E5w000004erLvEAI","0065w000022R1zVAAS","F5(formerly Uroam )(formerly Filanet Cor","https://samennis-20200526-demo--c.documentforce.com/profilephoto/7295w000000W2ne/F","Robin Montgomery",,"2020-05-27T03:51:31.000Z","Elliot Executive","0055w00000D4KBnAAN","Robin Montgomery","Robin Montgomery","Robin Montgomery/John Chen/Elliot Executive/Sam Ennis","Elliot Executive","John Chen","Website","00E5w000004erLwEAI","F5(formerly Uroam )(formerly Filanet Cor","true","Low","true","RVP Central","IN",,"2019-11-09T08:00:00.000Z","Central Sales","F5(formerly Uroam )(formerly Filanet Cor 201","00E5w000004erLxEAI","2019_09","RVPCentral","00E5w000004erLvEAI","https://samennis-20200526-demo--c.documentforce.com/profilephoto/7295w000000W2ne/T","Energy","Corporate","rmontgom1590550477800@demo.user","F5(formerly Uroam )(formerly Filanet Cor","Robin Montgomery","CentralSales",,1.7878,3359000,180,2
"0015w00002DFOCaAAP","00E5w000004erLxEAI/00E5w000004erM0EAI/00E5w000004erLvEAI","0065w000022R2sqAAC","IMTS Silicon Motor Speedway","https://samennis-20200526-demo--c.documentforce.com/profilephoto/7295w000000W2nZ/F","Michelle Stanley",,"2020-05-27T03:56:17.000Z","Elliot Executive","0055w00000D4KBrAAN","Michelle Stanley","Michelle Stanley","Michelle Stanley/John Chen/Elliot Executive/Sam Ennis","Elliot Executive","John Chen","Social Media","00E5w000004erLwEAI","IMTS Silicon Motor Speedway","true","Low","true","RVP Central","MN",,"2018-05-29T07:00:00.000Z","Central Sales","IMTS Silicon Motor Speedway 191","00E5w000004erLxEAI","2019_09","RVPCentral","00E5w000004erLvEAI","https://samennis-20200526-demo--c.documentforce.com/profilephoto/7295w000000W2nZ/T","Banking","T100","mstanley1590550477825@demo.user","IMTS Silicon Motor Speedway","Michelle Stanley","CentralSales",,4.7547,3215159000,15614,5
"0015w00002DFOBwAAP","00E5w000004erLzEAI/00E5w000004erM0EAI/00E5w000004erLvEAI","0065w000022R2rxAAC","Yunker Industries","https://samennis-20200526-demo--c.documentforce.com/profilephoto/7295w000000W2nA/F","Kristen Miller",,"2020-05-27T03:56:17.000Z","Andrew Martin","0055w00000D4KBqAAN","Kristen Miller","Kristen Miller","Kristen Miller/Andrew Martin/Elliot Executive/Sam Ennis","Andrew Martin","Andrew Martin","Marketing Event","00E5w000004erLyEAI","Yunker Industries","true","Low","true","RVP West","UT",,"2019-01-25T08:00:00.000Z","West Sales","Yunker Industries 188","00E5w000004erLzEAI","2019_09","RVPWest","00E5w000004erLvEAI","https://samennis-20200526-demo--c.documentforce.com/profilephoto/7295w000000W2nA/T","Hospitality","T100","kmiller1590550477818@demo.user","Yunker Industries","Kristen Miller","WestSales",,0,4930081000,1258,0
"0015w00002DFNY1AAP","00E5w000004erLzEAI/00E5w000004erM0EAI/00E5w000004erLvEAI","0065w000022R22ZAAS","BlackBoard Connect","https://samennis-20200526-demo--c.documentforce.com/profilephoto/7295w000000W2nA/F","Kristen Miller",,"2020-05-27T03:51:40.000Z","Andrew Martin","0055w00000D4KBqAAN","Kristen Miller","Kristen Miller","Kristen Miller/Andrew Martin/Elliot Executive/Sam Ennis","Andrew Martin","Andrew Martin","Cold Call","00E5w000004erLyEAI","BlackBoard Connect","true","Low","true","RVP West","NV",,"2019-04-28T07:00:00.000Z","West Sales","BlackBoard Connect 39","00E5w000004erLzEAI","2019_09","RVPWest","00E5w000004erLvEAI","https://samennis-20200526-demo--c.documentforce.com/profilephoto/7295w000000W2nA/T","Manufacturing","Corporate","kmiller1590550477818@demo.user","BlackBoard Connect","Kristen Miller","WestSales",,10.5,4200000,75,11
"0015w00002DFO3ZAAX","00E5w000004erLzEAI/00E5w000004erM0EAI/00E5w000004erLvEAI","0065w000022R2h8AAC","Newmarket International","https://samennis-20200526-demo--c.documentforce.com/profilephoto/7295w000000W2nK/F","Amanda Hernandez",,"2020-05-27T03:54:42.000Z","Amanda Hernandez","0055w00000D4KBfAAN","Amanda Hernandez","Amanda Hernandez","Amanda Hernandez/Andrew Martin/Elliot Executive/Sam Ennis","Amanda Hernandez","Andrew Martin","Cold Call","00E5w000004erLyEAI","Newmarket International","true","Low","true","RVP West","MT",,"2020-03-05T08:00:00.000Z","West Sales","Newmarket International 19","00E5w000004erLzEAI","2019_09","RVPWest","00E5w000004erLvEAI","https://samennis-20200526-demo--c.documentforce.com/profilephoto/7295w000000W2nK/T","Entertainment","Mid-Market","ahernand1590550477747@demo.user","Newmarket International","Amanda Hernandez","WestSales",,8.1667,393882000,901,8
"0015w00002DFNDLAA5","00E5w000004erLzEAI/00E5w000004erM0EAI/00E5w000004erLvEAI","0065w000022R1a4AAC","Gas Equipment Company","https://samennis-20200526-demo--c.documentforce.com/profilephoto/7295w000000W2nK/F","Amanda Hernandez",,"2020-05-27T03:49:09.000Z","Amanda Hernandez","0055w00000D4KBfAAN","Amanda Hernandez","Amanda Hernandez","Amanda Hernandez/Andrew Martin/Elliot Executive/Sam Ennis","Amanda Hernandez","Andrew Martin","Social Media","00E5w000004erLyEAI","Gas Equipment Company","true","Low","true","RVP West","WY",,"2018-07-14T07:00:00.000Z","West Sales","Gas Equipment Company 78","00E5w000004erLzEAI","2019_09","RVPWest","00E5w000004erLvEAI","https://samennis-20200526-demo--c.documentforce.com/profilephoto/7295w000000W2nK/T","Electronics","Corporate","ahernand1590550477747@demo.user","Gas Equipment Company","Amanda Hernandez","WestSales",,30.3911,8657000,46,30
"0015w00002DFNTaAAP","00E5w000004erLxEAI/00E5w000004erM0EAI/00E5w000004erLvEAI","0065w000022R1wfAAC","ICC Industries","https://samennis-20200526-demo--c.documentforce.com/profilephoto/7295w000000W2nU/F","Rebecca Gonzalez",,"2020-05-27T03:50:14.000Z","Elliot Executive","0055w00000D4KBtAAN","Rebecca Gonzalez","Rebecca Gonzalez","Rebecca Gonzalez/John Chen/Elliot Executive/Sam Ennis","Elliot Executive","John Chen","Inbound Call","00E5w000004erLwEAI","ICC Industries","true","Low","true","RVP Central","IL",,"2020-01-06T08:00:00.000Z","Central Sales","ICC Industries 171","00E5w000004erLxEAI","2019_09","RVPCentral","00E5w000004erLvEAI","https://samennis-20200526-demo--c.documentforce.com/profilephoto/7295w000000W2nU/T","Communications","Corporate","rgonzale1590550477838@demo.user","ICC Industries","Rebecca Gonzalez","CentralSales",,0,9486000,109,0
"0015w00002DFOCHAA5","00E5w000004erLzEAI/00E5w000004erM0EAI/00E5w000004erLvEAI","0065w000022R2sNAAS","Unitus Leadership Systems","https://samennis-20200526-demo--c.documentforce.com/profilephoto/7295w000000W2nP/F","Heather Greer",,"2020-05-27T03:56:17.000Z","Andrew Martin","0055w00000D4KBpAAN","Heather Greer","Heather Greer","Heather Greer/Andrew Martin/Elliot Executive/Sam Ennis","Andrew Martin","Andrew Martin","Cold Call","00E5w000004erLyEAI","Unitus Leadership Systems","true","Low","true","RVP West","MT",,"2018-08-27T07:00:00.000Z","West Sales","Unitus Leadership Systems 61","00E5w000004erLzEAI","2019_11","RVPWest","00E5w000004erLvEAI","https://samennis-20200526-demo--c.documentforce.com/profilephoto/7295w000000W2nP/T","Transportation","T100","hgreer1590550477812@demo.user","Unitus Leadership Systems","Heather Greer","WestSales",,38.5371,4343760000,22732,39
"0015w00002DFO6tAAH","00E5w000004erLxEAI/00E5w000004erM0EAI/00E5w000004erLvEAI","0065w000022R2lZAAS","OnDemand Inc","https://samennis-20200526-demo--c.documentforce.com/profilephoto/7295w000000W2nU/F","Rebecca Gonzalez",,"2020-05-27T03:55:53.000Z","Elliot Executive","0055w00000D4KBtAAN","Rebecca Gonzalez","Rebecca Gonzalez","Rebecca Gonzalez/John Chen/Elliot Executive/Sam Ennis","Elliot Executive","John Chen","Marketing Event","00E5w000004erLwEAI","OnDemand Inc","true","Low","true","RVP Central","NJ",,"2018-06-09T07:00:00.000Z","Central Sales","OnDemand Inc 87","00E5w000004erLxEAI","2019_11","RVPCentral","00E5w000004erLvEAI","https://samennis-20200526-demo--c.documentforce.com/profilephoto/7295w000000W2nU/T","Energy","Enterprise","rgonzale1590550477838@demo.user","OnDemand Inc","Rebecca Gonzalez","CentralSales",,14.1109,1145751000,215,14
"0015w00002DFNXLAA5","00E5w000004erLzEAI/00E5w000004erM0EAI/00E5w000004erLvEAI","0065w000022R21cAAC","Airspeak Inc","https://samennis-20200526-demo--c.documentforce.com/profilephoto/7295w000000W2mR/F","Brandy Mullins",,"2020-05-27T03:51:40.000Z","Andrew Martin","0055w00000D4KBgAAN","Brandy Mullins","Brandy Mullins","Brandy Mullins/Andrew Martin/Elliot Executive/Sam Ennis","Andrew Martin","Andrew Martin","Data.com","00E5w000004erLyEAI","Airspeak Inc","true","High","true","RVP West","CA",,"2019-01-03T08:00:00.000Z","West Sales","Airspeak Inc 170","00E5w000004erLzEAI","2019_11","RVPWest","00E5w000004erLvEAI","https://samennis-20200526-demo--c.documentforce.com/profilephoto/7295w000000W2mR/T","Healthcare & Life Sciences","Corporate","bmullins1590550477755@demo.user","Airspeak Inc","Brandy Mullins","WestSales",,559,6788000,144,559
"0015w00002DFNOsAAP","00E5w000004erLzEAI/00E5w000004erM0EAI/00E5w000004erLvEAI","0065w000022R1qGAAS","MK Incorporated","https://samennis-20200526-demo--c.documentforce.com/profilephoto/7295w000000W2nF/F","Mary Powers",,"2020-05-27T03:49:58.000Z","Andrew Martin","0055w00000D4KBeAAN","Mary Powers","Mary Powers","Mary Powers/Andrew Martin/Elliot Executive/Sam Ennis","Andrew Martin","Andrew Martin","Inbound Call","00E5w000004erLyEAI","MK Incorporated","true","High","true","RVP West","WY",,"2018-08-02T07:00:00.000Z","West Sales","MK Incorporated 248","00E5w000004erLzEAI","2019_11","RVPWest","00E5w000004erLvEAI","https://samennis-20200526-demo--c.documentforce.com/profilephoto/7295w000000W2nF/T","Electronics","Corporate","mpowers1590550477739@demo.user","MK Incorporated","Mary Powers","WestSales",,127.4,9588000,209,127
"0015w00002DFO9BAAX","00E5w000004erLzEAI/00E5w000004erM0EAI/00E5w000004erLvEAI","0065w000022R2oUAAS","Yuba Heat Transfer Division","https://samennis-20200526-demo--c.documentforce.com/profilephoto/7295w000000W2nK/F","Amanda Hernandez",,"2020-05-27T03:56:04.000Z","Amanda Hernandez","0055w00000D4KBfAAN","Amanda Hernandez","Amanda Hernandez","Amanda Hernandez/Andrew Martin/Elliot Executive/Sam Ennis","Amanda Hernandez","Andrew Martin","Community","00E5w000004erLyEAI","Yuba Heat Transfer Division","true","Low","true","RVP West","AK",,"2018-06-25T07:00:00.000Z","West Sales","Yuba Heat Transfer Division 171","00E5w000004erLzEAI","2019_11","RVPWest","00E5w000004erLvEAI","https://samennis-20200526-demo--c.documentforce.com/profilephoto/7295w000000W2nK/T","Recreation","Enterprise","ahernand1590550477747@demo.user","Yuba Heat Transfer Division","Amanda Hernandez","WestSales",,1.5556,1455771000,122400,2
"0015w00002DFNM0AAP","00E5w000004erLzEAI/00E5w000004erM0EAI/00E5w000004erLvEAI","0065w000022R1m3AAC","adeptive.com","https://samennis-20200526-demo--c.documentforce.com/profilephoto/7295w000000W2nF/F","Mary Powers",,"2020-05-27T03:49:40.000Z","Andrew Martin","0055w00000D4KBeAAN","Mary Powers","Mary Powers","Mary Powers/Andrew Martin/Elliot Executive/Sam Ennis","Andrew Martin","Andrew Martin","Community","00E5w000004erLyEAI","adeptive.com","true","Low","true","RVP West","WA",,"2018-08-03T07:00:00.000Z","West Sales","adeptive.com 123","00E5w000004erLzEAI","2019_12","RVPWest","00E5w000004erLvEAI","https://samennis-20200526-demo--c.documentforce.com/profilephoto/7295w000000W2nF/T","Shipping","Corporate","mpowers1590550477739@demo.user","adeptive.com","Mary Powers","WestSales",,3.8908,9093000,176,4
"0015w00002DFNjeAAH","00E5w000004erLxEAI/00E5w000004erM0EAI/00E5w000004erLvEAI","0065w000022R2H9AAK","Intelsat Corporation","https://samennis-20200526-demo--c.documentforce.com/profilephoto/7295w000000W2nZ/F","Michelle Stanley",,"2020-05-27T03:52:30.000Z","Elliot Executive","0055w00000D4KBrAAN","Michelle Stanley","Michelle Stanley","Michelle Stanley/John Chen/Elliot Executive/Sam Ennis","Elliot Executive","John Chen","Marketing Event","00E5w000004erLwEAI","Intelsat Corporation","true","High","true","RVP Central","LA",,"2019-05-26T07:00:00.000Z","Central Sales","Intelsat Corporation 11","00E5w000004erLxEAI","2019_12","RVPCentral","00E5w000004erLvEAI","https://samennis-20200526-demo--c.documentforce.com/profilephoto/7295w000000W2nZ/T","Education","Corporate","mstanley1590550477825@demo.user","Intelsat Corporation","Michelle Stanley","CentralSales",,183.964,8056000,178,184
"0015w00002DFNewAAH","00E5w000004erM7EAI/00E5w000004erM0EAI/00E5w000004erLvEAI","0065w000022R2B9AAK","Carpet One","https://samennis-20200526-demo--c.documentforce.com/profilephoto/7295w000000W2n5/F","Steven Mathis",,"2020-05-27T03:52:11.000Z","Edwin Tucker","0055w00000D4KBlAAN","Steven Mathis","Steven Mathis","Steven Mathis/Edwin Tucker/Elliot Executive/Sam Ennis","Edwin Tucker","Edwin Tucker","Cold Call","00E5w000004erM5EAI","Carpet One","true","Low","true","RVP East","VT",,"2018-08-14T07:00:00.000Z","East Sales","Carpet One 18","00E5w000004erM7EAI","2020_01","RVPEast","00E5w000004erLvEAI","https://samennis-20200526-demo--c.documentforce.com/profilephoto/7295w000000W2n5/T","Apparel","Corporate","smathis1590550477787@demo.user","Carpet One","Steven Mathis","EastSales",,0,7924000,77,0
"0015w00002DFNM0AAP","00E5w000004erLzEAI/00E5w000004erM0EAI/00E5w000004erLvEAI","0065w000022R1m3AAC","adeptive.com","https://samennis-20200526-demo--c.documentforce.com/profilephoto/7295w000000W2nF/F","Mary Powers",,"2020-05-27T03:49:40.000Z","Andrew Martin","0055w00000D4KBeAAN","Mary Powers","Mary Powers","Mary Powers/Andrew Martin/Elliot Executive/Sam Ennis","Andrew Martin","Andrew Martin","Community","00E5w000004erLyEAI","adeptive.com","true","Low","true","RVP West","WA",,"2018-08-03T07:00:00.000Z","West Sales","adeptive.com 123","00E5w000004erLzEAI","2020_01","RVPWest","00E5w000004erLvEAI","https://samennis-20200526-demo--c.documentforce.com/profilephoto/7295w000000W2nF/T","Shipping","Corporate","mpowers1590550477739@demo.user","adeptive.com","Mary Powers","WestSales",,4.5161,9093000,176,5
"0015w00002DFNYkAAP","00E5w000004erLzEAI/00E5w000004erM0EAI/00E5w000004erLvEAI","0065w000022R23TAAS","Sales Consultants","https://samennis-20200526-demo--c.documentforce.com/profilephoto/7295w000000W2nF/F","Mary Powers",,"2020-05-27T03:51:40.000Z","Andrew Martin","0055w00000D4KBeAAN","Mary Powers","Mary Powers","Mary Powers/Andrew Martin/Elliot Executive/Sam Ennis","Andrew Martin","Andrew Martin","Referral","00E5w000004erLyEAI","Sales Consultants","true","Low","true","RVP West","AK",,"2018-08-27T07:00:00.000Z","West Sales","Sales Consultants 226","00E5w000004erLzEAI","2020_01","RVPWest","00E5w000004erLvEAI","https://samennis-20200526-demo--c.documentforce.com/profilephoto/7295w000000W2nF/T","Recreation","Corporate","mpowers1590550477739@demo.user","Sales Consultants","Mary Powers","WestSales",,1.0733,3619000,102,1
"0015w00002DFNlMAAX","00E5w000004erLxEAI/00E5w000004erM0EAI/00E5w000004erLvEAI","0065w000022R2JWAA0","NYSE Governance Services","https://samennis-20200526-demo--c.documentforce.com/profilephoto/7295w000000W2mb/F","Theresa Jones",,"2020-05-27T03:52:30.000Z","Elliot Executive","0055w00000D4KBoAAN","Theresa Jones","Theresa Jones","Theresa Jones/John Chen/Elliot Executive/Sam Ennis","Elliot Executive","John Chen","Website","00E5w000004erLwEAI","NYSE Governance Services","true","High","true","RVP Central","AR",,"2018-12-15T08:00:00.000Z","Central Sales","NYSE Governance Services 170","00E5w000004erLxEAI","2020_01","RVPCentral","00E5w000004erLvEAI","https://samennis-20200526-demo--c.documentforce.com/profilephoto/7295w000000W2mb/T","Insurance","Corporate","tjones1590550477806@demo.user","NYSE Governance Services","Theresa Jones","CentralSales",,104.9889,7299000,62,105
"0015w00002DFNyEAAX","00E5w000004erLzEAI/00E5w000004erM0EAI/00E5w000004erLvEAI","0065w000022R2asAAC","Intersolutions Inc","https://samennis-20200526-demo--c.documentforce.com/profilephoto/7295w000000W2mR/F","Brandy Mullins",,"2020-05-27T03:54:24.000Z","Andrew Martin","0055w00000D4KBgAAN","Brandy Mullins","Brandy Mullins","Brandy Mullins/Andrew Martin/Elliot Executive/Sam Ennis","Andrew Martin","Andrew Martin","Data.com","00E5w000004erLyEAI","Intersolutions Inc","true","Low","true","RVP West","AK",,"2019-04-07T07:00:00.000Z","West Sales","Intersolutions Inc 40","00E5w000004erLzEAI","2020_01","RVPWest","00E5w000004erLvEAI","https://samennis-20200526-demo--c.documentforce.com/profilephoto/7295w000000W2mR/T","Government","Corporate","bmullins1590550477755@demo.user","Intersolutions Inc","Brandy Mullins","WestSales",,8.9207,9099000,41702,9
"0015w00002DFNXLAA5","00E5w000004erLzEAI/00E5w000004erM0EAI/00E5w000004erLvEAI","0065w000022R21cAAC","Airspeak Inc","https://samennis-20200526-demo--c.documentforce.com/profilephoto/7295w000000W2mR/F","Brandy Mullins",,"2020-05-27T03:51:40.000Z","Andrew Martin","0055w00000D4KBgAAN","Brandy Mullins","Brandy Mullins","Brandy Mullins/Andrew Martin/Elliot Executive/Sam Ennis","Andrew Martin","Andrew Martin","Data.com","00E5w000004erLyEAI","Airspeak Inc","true","High","true","RVP West","CA",,"2019-01-03T08:00:00.000Z","West Sales","Airspeak Inc 170","00E5w000004erLzEAI","2020_01","RVPWest","00E5w000004erLvEAI","https://samennis-20200526-demo--c.documentforce.com/profilephoto/7295w000000W2mR/T","Healthcare & Life Sciences","Corporate","bmullins1590550477755@demo.user","Airspeak Inc","Brandy Mullins","WestSales",,431.5581,6788000,144,432
"0015w00002DFNOsAAP","00E5w000004erLzEAI/00E5w000004erM0EAI/00E5w000004erLvEAI","0065w000022R1qGAAS","MK Incorporated","https://samennis-20200526-demo--c.documentforce.com/profilephoto/7295w000000W2nF/F","Mary Powers",,"2020-05-27T03:49:58.000Z","Andrew Martin","0055w00000D4KBeAAN","Mary Powers","Mary Powers","Mary Powers/Andrew Martin/Elliot Executive/Sam Ennis","Andrew Martin","Andrew Martin","Inbound Call","00E5w000004erLyEAI","MK Incorporated","true","Medium","true","RVP West","WY",,"2018-08-02T07:00:00.000Z","West Sales","MK Incorporated 248","00E5w000004erLzEAI","2020_01","RVPWest","00E5w000004erLvEAI","https://samennis-20200526-demo--c.documentforce.com/profilephoto/7295w000000W2nF/T","Electronics","Corporate","mpowers1590550477739@demo.user","MK Incorporated","Mary Powers","WestSales",,91,9588000,209,91
"0015w00002DFNiYAAX","00E5w000004erM7EAI/00E5w000004erM0EAI/00E5w000004erLvEAI","0065w000022R2FgAAK","Ican Software","https://samennis-20200526-demo--c.documentforce.com/profilephoto/7295w000000W2n5/F","Steven Mathis",,"2020-05-27T03:52:21.000Z","Edwin Tucker","0055w00000D4KBlAAN","Steven Mathis","Steven Mathis","Steven Mathis/Edwin Tucker/Elliot Executive/Sam Ennis","Edwin Tucker","Edwin Tucker","Referral","00E5w000004erM5EAI","Ican Software","true","Low","true","RVP East","NH",,"2019-03-05T08:00:00.000Z","East Sales","Ican Software 36","00E5w000004erM7EAI","2020_01","RVPEast","00E5w000004erLvEAI","https://samennis-20200526-demo--c.documentforce.com/profilephoto/7295w000000W2n5/T","Machinery","Corporate","smathis1590550477787@demo.user","Ican Software","Steven Mathis","EastSales",,0,7615000,148,0
"0015w00002DFNLUAA5","00E5w000004erLxEAI/00E5w000004erM0EAI/00E5w000004erLvEAI","0065w000022R1lOAAS","Arbitration Solutions","https://samennis-20200526-demo--c.documentforce.com/profilephoto/7295w000000W2nU/F","Rebecca Gonzalez",,"2020-05-27T03:49:40.000Z","Elliot Executive","0055w00000D4KBtAAN","Rebecca Gonzalez","Rebecca Gonzalez","Rebecca Gonzalez/John Chen/Elliot Executive/Sam Ennis","Elliot Executive","John Chen","Data.com","00E5w000004erLwEAI","Arbitration Solutions","true","Medium","true","RVP Central","MO",,"2019-08-20T07:00:00.000Z","Central Sales","Arbitration Solutions 38","00E5w000004erLxEAI","2020_01","RVPCentral","00E5w000004erLvEAI","https://samennis-20200526-demo--c.documentforce.com/profilephoto/7295w000000W2nU/T","Retail","Corporate","rgonzale1590550477838@demo.user","Arbitration Solutions","Rebecca Gonzalez","CentralSales",,86.8076,3532000,112,87
"0015w00002DFNTWAA5","00E5w000004erLxEAI/00E5w000004erM0EAI/00E5w000004erLvEAI","0065w000022R1waAAC","Group Health Cooperative","https://samennis-20200526-demo--c.documentforce.com/profilephoto/7295w000000W2nZ/F","Michelle Stanley",,"2020-05-27T03:50:14.000Z","Elliot Executive","0055w00000D4KBrAAN","Michelle Stanley","Michelle Stanley","Michelle Stanley/John Chen/Elliot Executive/Sam Ennis","Elliot Executive","John Chen","Inbound Call","00E5w000004erLwEAI","Group Health Cooperative","true","Low","true","RVP Central","MO",,"2019-04-28T07:00:00.000Z","Central Sales","Group Health Cooperative 131","00E5w000004erLxEAI","2020_01","RVPCentral","00E5w000004erLvEAI","https://samennis-20200526-demo--c.documentforce.com/profilephoto/7295w000000W2nZ/T","Energy","Corporate","mstanley1590550477825@demo.user","Group Health Cooperative","Michelle Stanley","CentralSales",,34.2222,2351000,120,34
"0015w00002DFOD8AAP","00E5w000004erLxEAI/00E5w000004erM0EAI/00E5w000004erLvEAI","0065w000022R2tWAAS","Navagate","https://samennis-20200526-demo--c.documentforce.com/profilephoto/7295w000000W2nZ/F","Michelle Stanley",,"2020-05-27T03:56:17.000Z","Elliot Executive","0055w00000D4KBrAAN","Michelle Stanley","Michelle Stanley","Michelle Stanley/John Chen/Elliot Executive/Sam Ennis","Elliot Executive","John Chen","Cold Call","00E5w000004erLwEAI","Navagate","true","Medium","true","RVP Central","NE",,"2019-12-29T08:00:00.000Z","Central Sales","Navagate 245","00E5w000004erLxEAI","2020_01","RVPCentral","00E5w000004erLvEAI","https://samennis-20200526-demo--c.documentforce.com/profilephoto/7295w000000W2nZ/T","Education","T100","mstanley1590550477825@demo.user","Navagate","Michelle Stanley","CentralSales",,72.3333,4569487000,104162,72
"0015w00002DFNJEAA5","00E5w000004erLzEAI/00E5w000004erM0EAI/00E5w000004erLvEAI","0065w000022R1iCAAS","WCOIL   Ltd","https://samennis-20200526-demo--c.documentforce.com/profilephoto/7295w000000W2nK/F","Amanda Hernandez",,"2020-05-27T03:49:30.000Z","Amanda Hernandez","0055w00000D4KBfAAN","Amanda Hernandez","Amanda Hernandez","Amanda Hernandez/Andrew Martin/Elliot Executive/Sam Ennis","Amanda Hernandez","Andrew Martin","Inbound Call","00E5w000004erLyEAI","WCOIL   Ltd","true","Medium","true","RVP West","WA",,"2020-01-31T08:00:00.000Z","West Sales","WCOIL   Ltd 148","00E5w000004erLzEAI","2020_02","RVPWest","00E5w000004erLvEAI","https://samennis-20200526-demo--c.documentforce.com/profilephoto/7295w000000W2nK/T","Chemicals","Corporate","ahernand1590550477747@demo.user","WCOIL   Ltd","Amanda Hernandez","WestSales",,92.8219,2181000,159,93
"0015w00002DFO6tAAH","00E5w000004erLxEAI/00E5w000004erM0EAI/00E5w000004erLvEAI","0065w000022R2lZAAS","OnDemand Inc","https://samennis-20200526-demo--c.documentforce.com/profilephoto/7295w000000W2nU/F","Rebecca Gonzalez",,"2020-05-27T03:55:53.000Z","Elliot Executive","0055w00000D4KBtAAN","Rebecca Gonzalez","Rebecca Gonzalez","Rebecca Gonzalez/John Chen/Elliot Executive/Sam Ennis","Elliot Executive","John Chen","Marketing Event","00E5w000004erLwEAI","OnDemand Inc","true","Low","true","RVP Central","NJ",,"2018-06-09T07:00:00.000Z","Central Sales","OnDemand Inc 87","00E5w000004erLxEAI","2020_02","RVPCentral","00E5w000004erLvEAI","https://samennis-20200526-demo--c.documentforce.com/profilephoto/7295w000000W2nU/T","Energy","Enterprise","rgonzale1590550477838@demo.user","OnDemand Inc","Rebecca Gonzalez","CentralSales",,24.5555,1145751000,215,25
"0015w00002DFNVJAA5","00E5w000004erLxEAI/00E5w000004erM0EAI/00E5w000004erLvEAI","0065w000022R1ywAAC","Acutherm","https://samennis-20200526-demo--c.documentforce.com/profilephoto/7295w000000W2mW/F","Crystal Stevens",,"2020-05-27T03:51:31.000Z","Crystal Stevens","0055w00000D4KBsAAN","Crystal Stevens","Crystal Stevens","Crystal Stevens/John Chen/Elliot Executive/Sam Ennis","Crystal Stevens","John Chen","Referral","00E5w000004erLwEAI","Acutherm","true","High","true","RVP Central","IL",,"2019-11-17T08:00:00.000Z","Central Sales","Acutherm 197","00E5w000004erLxEAI","2020_02","RVPCentral","00E5w000004erLvEAI","https://samennis-20200526-demo--c.documentforce.com/profilephoto/7295w000000W2mW/T","Banking","Corporate","cstevens1590550477831@demo.user","Acutherm","Crystal Stevens","CentralSales",,108.0211,7625000,68,108
"0015w00002DFNI4AAP","00E5w000004erLzEAI/00E5w000004erM0EAI/00E5w000004erLvEAI","0065w000022R1gbAAC","Toledo Medical Imaging","https://samennis-20200526-demo--c.documentforce.com/profilephoto/7295w000000W2nF/F","Mary Powers",,"2020-05-27T03:49:30.000Z","Andrew Martin","0055w00000D4KBeAAN","Mary Powers","Mary Powers","Mary Powers/Andrew Martin/Elliot Executive/Sam Ennis","Andrew Martin","Andrew Martin","Referral","00E5w000004erLyEAI","Toledo Medical Imaging","true","Medium","true","RVP West","AK",,"2019-05-11T07:00:00.000Z","West Sales","Toledo Medical Imaging 133","00E5w000004erLzEAI","2020_02","RVPWest","00E5w000004erLvEAI","https://samennis-20200526-demo--c.documentforce.com/profilephoto/7295w000000W2nF/T","Consulting","Corporate","mpowers1590550477739@demo.user","Toledo Medical Imaging","Mary Powers","WestSales",,60.5627,4289000,124,61
"0015w00002DFNJBAA5","00E5w000004erLzEAI/00E5w000004erM0EAI/00E5w000004erLvEAI","0065w000022R1i9AAC","CyberTrader","https://samennis-20200526-demo--c.documentforce.com/profilephoto/7295w000000W2nP/F","Heather Greer",,"2020-05-27T03:49:30.000Z","Andrew Martin","0055w00000D4KBpAAN","Heather Greer","Heather Greer","Heather Greer/Andrew Martin/Elliot Executive/Sam Ennis","Andrew Martin","Andrew Martin","Data.com","00E5w000004erLyEAI","CyberTrader","true","Low","true","RVP West","UT",,"2019-03-03T08:00:00.000Z","West Sales","CyberTrader 38","00E5w000004erLzEAI","2020_02","RVPWest","00E5w000004erLvEAI","https://samennis-20200526-demo--c.documentforce.com/profilephoto/7295w000000W2nP/T","Recreation","Corporate","hgreer1590550477812@demo.user","CyberTrader","Heather Greer","WestSales",,24.3478,9551000,115,24
"0015w00002DFNKRAA5","00E5w000004erLxEAI/00E5w000004erM0EAI/00E5w000004erLvEAI","0065w000022R1jvAAC","DCI HOLDINGS","https://samennis-20200526-demo--c.documentforce.com/profilephoto/7295w000000W2nZ/F","Michelle Stanley",,"2020-05-27T03:49:40.000Z","Elliot Executive","0055w00000D4KBrAAN","Michelle Stanley","Michelle Stanley","Michelle Stanley/John Chen/Elliot Executive/Sam Ennis","Elliot Executive","John Chen","Referral","00E5w000004erLwEAI","DCI HOLDINGS","true","Low","true","RVP Central","IL",,"2018-05-30T07:00:00.000Z","Central Sales","DCI HOLDINGS 182","00E5w000004erLxEAI","2020_02","RVPCentral","00E5w000004erLvEAI","https://samennis-20200526-demo--c.documentforce.com/profilephoto/7295w000000W2nZ/T","Shipping","Corporate","mstanley1590550477825@demo.user","DCI HOLDINGS","Michelle Stanley","CentralSales",,0.07,9883000,173,0
"0015w00002DFO3ZAAX","00E5w000004erLzEAI/00E5w000004erM0EAI/00E5w000004erLvEAI","0065w000022R2h8AAC","Newmarket International","https://samennis-20200526-demo--c.documentforce.com/profilephoto/7295w000000W2nK/F","Amanda Hernandez",,"2020-05-27T03:54:42.000Z","Amanda Hernandez","0055w00000D4KBfAAN","Amanda Hernandez","Amanda Hernandez","Amanda Hernandez/Andrew Martin/Elliot Executive/Sam Ennis","Amanda Hernandez","Andrew Martin","Cold Call","00E5w000004erLyEAI","Newmarket International","true","Low","true","RVP West","MT",,"2020-03-05T08:00:00.000Z","West Sales","Newmarket International 19","00E5w000004erLzEAI","2020_02","RVPWest","00E5w000004erLvEAI","https://samennis-20200526-demo--c.documentforce.com/profilephoto/7295w000000W2nK/T","Entertainment","Mid-Market","ahernand1590550477747@demo.user","Newmarket International","Amanda Hernandez","WestSales",,21,393882000,901,21
"0015w00002DFO9uAAH","00E5w000004erLxEAI/00E5w000004erM0EAI/00E5w000004erLvEAI","0065w000022R2pOAAS","Johns-Byrne Company","https://samennis-20200526-demo--c.documentforce.com/profilephoto/7295w000000W2mW/F","Crystal Stevens",,"2020-05-27T03:56:04.000Z","Crystal Stevens","0055w00000D4KBsAAN","Crystal Stevens","Crystal Stevens","Crystal Stevens/John Chen/Elliot Executive/Sam Ennis","Crystal Stevens","John Chen","Partner","00E5w000004erLwEAI","Johns-Byrne Company","true","Low","true","RVP Central","NJ",,"2019-03-04T08:00:00.000Z","Central Sales","Johns-Byrne Company 20","00E5w000004erLxEAI","2020_02","RVPCentral","00E5w000004erLvEAI","https://samennis-20200526-demo--c.documentforce.com/profilephoto/7295w000000W2mW/T","Healthcare & Life Sciences","Enterprise","cstevens1590550477831@demo.user","Johns-Byrne Company","Crystal Stevens","CentralSales",,2.5455,1692396000,90653,3
"0015w00002DFNsbAAH","00E5w000004erLzEAI/00E5w000004erM0EAI/00E5w000004erLvEAI","0065w000022R2T5AAK","GENCO Distribution System","https://samennis-20200526-demo--c.documentforce.com/profilephoto/7295w000000W2nF/F","Mary Powers",,"2020-05-27T03:54:04.000Z","Andrew Martin","0055w00000D4KBeAAN","Mary Powers","Mary Powers","Mary Powers/Andrew Martin/Elliot Executive/Sam Ennis","Andrew Martin","Andrew Martin","Social Media","00E5w000004erLyEAI","GENCO Distribution System","true","Low","true","RVP West","AZ",,"2019-11-08T08:00:00.000Z","West Sales","GENCO Distribution System 1","00E5w000004erLzEAI","2020_02","RVPWest","00E5w000004erLvEAI","https://samennis-20200526-demo--c.documentforce.com/profilephoto/7295w000000W2nF/T","Energy","Corporate","mpowers1590550477739@demo.user","GENCO Distribution System","Mary Powers","WestSales",,2.3333,8919000,164,2
"0015w00002DFNxFAAX","00E5w000004erLzEAI/00E5w000004erM0EAI/00E5w000004erLvEAI","0065w000022R2ZYAA0","Palaver Communications","https://samennis-20200526-demo--c.documentforce.com/profilephoto/7295w000000W2nF/F","Mary Powers",,"2020-05-27T03:54:24.000Z","Andrew Martin","0055w00000D4KBeAAN","Mary Powers","Mary Powers","Mary Powers/Andrew Martin/Elliot Executive/Sam Ennis","Andrew Martin","Andrew Martin","Marketing Event","00E5w000004erLyEAI","Palaver Communications","true","Low","true","RVP West","UT",,"2018-10-29T07:00:00.000Z","West Sales","Palaver Communications 56","00E5w000004erLzEAI","2020_03","RVPWest","00E5w000004erLvEAI","https://samennis-20200526-demo--c.documentforce.com/profilephoto/7295w000000W2nF/T","Manufacturing","Corporate","mpowers1590550477739@demo.user","Palaver Communications","Mary Powers","WestSales",,1.0068,7054000,22491,1
"0015w00002DFO7xAAH","00E5w000004erLxEAI/00E5w000004erM0EAI/00E5w000004erLvEAI","0065w000022R2mzAAC","John Q. Hammons Hotels","https://samennis-20200526-demo--c.documentforce.com/profilephoto/7295w000000W2mW/F","Crystal Stevens",,"2020-05-27T03:55:53.000Z","Crystal Stevens","0055w00000D4KBsAAN","Crystal Stevens","Crystal Stevens","Crystal Stevens/John Chen/Elliot Executive/Sam Ennis","Crystal Stevens","John Chen","Community","00E5w000004erLwEAI","John Q. Hammons Hotels","true","Low","true","RVP Central","NY",,"2020-02-19T08:00:00.000Z","Central Sales","John Q. Hammons Hotels 236","00E5w000004erLxEAI","2020_03","RVPCentral","00E5w000004erLvEAI","https://samennis-20200526-demo--c.documentforce.com/profilephoto/7295w000000W2mW/T","Machinery","Enterprise","cstevens1590550477831@demo.user","John Q. Hammons Hotels","Crystal Stevens","CentralSales",,3.0625,1848259000,3821,3
"0015w00002DFO9BAAX","00E5w000004erLzEAI/00E5w000004erM0EAI/00E5w000004erLvEAI","0065w000022R2oUAAS","Yuba Heat Transfer Division","https://samennis-20200526-demo--c.documentforce.com/profilephoto/7295w000000W2nK/F","Amanda Hernandez",,"2020-05-27T03:56:04.000Z","Amanda Hernandez","0055w00000D4KBfAAN","Amanda Hernandez","Amanda Hernandez","Amanda Hernandez/Andrew Martin/Elliot Executive/Sam Ennis","Amanda Hernandez","Andrew Martin","Community","00E5w000004erLyEAI","Yuba Heat Transfer Division","true","Low","true","RVP West","AK",,"2018-06-25T07:00:00.000Z","West Sales","Yuba Heat Transfer Division 171","00E5w000004erLzEAI","2020_03","RVPWest","00E5w000004erLvEAI","https://samennis-20200526-demo--c.documentforce.com/profilephoto/7295w000000W2nK/T","Recreation","Enterprise","ahernand1590550477747@demo.user","Yuba Heat Transfer Division","Amanda Hernandez","WestSales",,0.5,1455771000,122400,1
"0015w00002DFNGIAA5","00E5w000004erLzEAI/00E5w000004erM0EAI/00E5w000004erLvEAI","0065w000022R1eCAAS","Transoft Networks","https://samennis-20200526-demo--c.documentforce.com/profilephoto/7295w000000W2nP/F","Heather Greer",,"2020-05-27T03:49:21.000Z","Andrew Martin","0055w00000D4KBpAAN","Heather Greer","Heather Greer","Heather Greer/Andrew Martin/Elliot Executive/Sam Ennis","Andrew Martin","Andrew Martin","Data.com","00E5w000004erLyEAI","Transoft Networks","true","Low","true","RVP West","WA",,"2020-03-02T08:00:00.000Z","West Sales","Transoft Networks 24","00E5w000004erLzEAI","2020_03","RVPWest","00E5w000004erLvEAI","https://samennis-20200526-demo--c.documentforce.com/profilephoto/7295w000000W2nP/T","Banking","Corporate","hgreer1590550477812@demo.user","Transoft Networks","Heather Greer","WestSales",,0.5,4868000,203,1
"0015w00002DFOANAA5","00E5w000004erLzEAI/00E5w000004erM0EAI/00E5w000004erLvEAI","0065w000022R2pzAAC","First Fleet Corp","https://samennis-20200526-demo--c.documentforce.com/profilephoto/7295w000000W2nK/F","Amanda Hernandez",,"2020-05-27T03:56:04.000Z","Amanda Hernandez","0055w00000D4KBfAAN","Amanda Hernandez","Amanda Hernandez","Amanda Hernandez/Andrew Martin/Elliot Executive/Sam Ennis","Amanda Hernandez","Andrew Martin","Inbound Call","00E5w000004erLyEAI","First Fleet Corp","true","Low","true","RVP West","CA",,"2018-11-15T08:00:00.000Z","West Sales","First Fleet Corp 25","00E5w000004erLzEAI","2020_03","RVPWest","00E5w000004erLvEAI","https://samennis-20200526-demo--c.documentforce.com/profilephoto/7295w000000W2nK/T","Entertainment","T100","ahernand1590550477747@demo.user","First Fleet Corp","Amanda Hernandez","WestSales",,0,4842897000,1,0
"0015w00002DFNdvAAH","00E5w000004erLxEAI/00E5w000004erM0EAI/00E5w000004erLvEAI","0065w000022R29xAAC","eStudio","https://samennis-20200526-demo--c.documentforce.com/profilephoto/7295w000000W2nZ/F","Michelle Stanley",,"2020-05-27T03:52:01.000Z","Elliot Executive","0055w00000D4KBrAAN","Michelle Stanley","Michelle Stanley","Michelle Stanley/John Chen/Elliot Executive/Sam Ennis","Elliot Executive","John Chen","Cold Call","00E5w000004erLwEAI","eStudio","true","Medium","true","RVP Central","PA",,"2019-12-29T08:00:00.000Z","Central Sales","eStudio 250","00E5w000004erLxEAI","2020_03","RVPCentral","00E5w000004erLvEAI","https://samennis-20200526-demo--c.documentforce.com/profilephoto/7295w000000W2nZ/T","Other","Corporate","mstanley1590550477825@demo.user","eStudio","Michelle Stanley","CentralSales",,91,5314000,75,91
"0015w00002DFNzwAAH","00E5w000004erM7EAI/00E5w000004erM0EAI/00E5w000004erLvEAI","0065w000022R2d3AAC","advisor square","https://samennis-20200526-demo--c.documentforce.com/profilephoto/7295w000000W2mv/F","Brian Norris",,"2020-05-27T03:54:34.000Z","Brian Norris","0055w00000D4KBiAAN","Brian Norris","Brian Norris","Brian Norris/Edwin Tucker/Elliot Executive/Sam Ennis","Brian Norris","Edwin Tucker","Marketing Event","00E5w000004erM5EAI","advisor square","true","Low","true","RVP East","SC",,"2019-11-29T08:00:00.000Z","East Sales","advisor square 110","00E5w000004erM7EAI","2020_03","RVPEast","00E5w000004erLvEAI","https://samennis-20200526-demo--c.documentforce.com/profilephoto/7295w000000W2mv/T","Government","SMB","bnorris1590550477769@demo.user","advisor square","Brian Norris","EastSales",,0,39470000,148,0
"0015w00002DFNJEAA5","00E5w000004erLzEAI/00E5w000004erM0EAI/00E5w000004erLvEAI","0065w000022R1iCAAS","WCOIL   Ltd","https://samennis-20200526-demo--c.documentforce.com/profilephoto/7295w000000W2nK/F","Amanda Hernandez",,"2020-05-27T03:49:30.000Z","Amanda Hernandez","0055w00000D4KBfAAN","Amanda Hernandez","Amanda Hernandez","Amanda Hernandez/Andrew Martin/Elliot Executive/Sam Ennis","Amanda Hernandez","Andrew Martin","Inbound Call","00E5w000004erLyEAI","WCOIL   Ltd","true","Medium","true","RVP West","WA",,"2020-01-31T08:00:00.000Z","West Sales","WCOIL   Ltd 148","00E5w000004erLzEAI","2019_04","RVPWest","00E5w000004erLvEAI","https://samennis-20200526-demo--c.documentforce.com/profilephoto/7295w000000W2nK/T","Chemicals","Corporate","ahernand1590550477747@demo.user","WCOIL   Ltd","Amanda Hernandez","WestSales",,51.9957,2181000,159,52
"0015w00002DFNyEAAX","00E5w000004erLzEAI/00E5w000004erM0EAI/00E5w000004erLvEAI","0065w000022R2asAAC","Intersolutions Inc","https://samennis-20200526-demo--c.documentforce.com/profilephoto/7295w000000W2mR/F","Brandy Mullins",,"2020-05-27T03:54:24.000Z","Andrew Martin","0055w00000D4KBgAAN","Brandy Mullins","Brandy Mullins","Brandy Mullins/Andrew Martin/Elliot Executive/Sam Ennis","Andrew Martin","Andrew Martin","Data.com","00E5w000004erLyEAI","Intersolutions Inc","true","Low","true","RVP West","AK",,"2019-04-07T07:00:00.000Z","West Sales","Intersolutions Inc 40","00E5w000004erLzEAI","2019_04","RVPWest","00E5w000004erLvEAI","https://samennis-20200526-demo--c.documentforce.com/profilephoto/7295w000000W2mR/T","Government","Corporate","bmullins1590550477755@demo.user","Intersolutions Inc","Brandy Mullins","WestSales",,8.9777,9099000,41702,9
"0015w00002DFOCaAAP","00E5w000004erLxEAI/00E5w000004erM0EAI/00E5w000004erLvEAI","0065w000022R2sqAAC","IMTS Silicon Motor Speedway","https://samennis-20200526-demo--c.documentforce.com/profilephoto/7295w000000W2nZ/F","Michelle Stanley",,"2020-05-27T03:56:17.000Z","Elliot Executive","0055w00000D4KBrAAN","Michelle Stanley","Michelle Stanley","Michelle Stanley/John Chen/Elliot Executive/Sam Ennis","Elliot Executive","John Chen","Social Media","00E5w000004erLwEAI","IMTS Silicon Motor Speedway","true","Low","true","RVP Central","MN",,"2018-05-29T07:00:00.000Z","Central Sales","IMTS Silicon Motor Speedway 191","00E5w000004erLxEAI","2019_04","RVPCentral","00E5w000004erLvEAI","https://samennis-20200526-demo--c.documentforce.com/profilephoto/7295w000000W2nZ/T","Banking","T100","mstanley1590550477825@demo.user","IMTS Silicon Motor Speedway","Michelle Stanley","CentralSales",,7.0955,3215159000,15614,7
"0015w00002DFOBwAAP","00E5w000004erLzEAI/00E5w000004erM0EAI/00E5w000004erLvEAI","0065w000022R2rxAAC","Yunker Industries","https://samennis-20200526-demo--c.documentforce.com/profilephoto/7295w000000W2nA/F","Kristen Miller",,"2020-05-27T03:56:17.000Z","Andrew Martin","0055w00000D4KBqAAN","Kristen Miller","Kristen Miller","Kristen Miller/Andrew Martin/Elliot Executive/Sam Ennis","Andrew Martin","Andrew Martin","Marketing Event","00E5w000004erLyEAI","Yunker Industries","true","Low","true","RVP West","UT",,"2019-01-25T08:00:00.000Z","West Sales","Yunker Industries 188","00E5w000004erLzEAI","2019_04","RVPWest","00E5w000004erLvEAI","https://samennis-20200526-demo--c.documentforce.com/profilephoto/7295w000000W2nA/T","Hospitality","T100","kmiller1590550477818@demo.user","Yunker Industries","Kristen Miller","WestSales",,23.3333,4930081000,1258,23
"0015w00002DFNWxAAP","00E5w000004erLzEAI/00E5w000004erM0EAI/00E5w000004erLvEAI","0065w000022R219AAC","Westwave Communications","https://samennis-20200526-demo--c.documentforce.com/profilephoto/7295w000000W2nF/F","Mary Powers",,"2020-05-27T03:51:40.000Z","Andrew Martin","0055w00000D4KBeAAN","Mary Powers","Mary Powers","Mary Powers/Andrew Martin/Elliot Executive/Sam Ennis","Andrew Martin","Andrew Martin","Community","00E5w000004erLyEAI","Westwave Communications","true","Low","true","RVP West","CA",,"2019-03-14T07:00:00.000Z","West Sales","Westwave Communications 195","00E5w000004erLzEAI","2019_04","RVPWest","00E5w000004erLvEAI","https://samennis-20200526-demo--c.documentforce.com/profilephoto/7295w000000W2nF/T","Communications","Corporate","mpowers1590550477739@demo.user","Westwave Communications","Mary Powers","WestSales",,11.92,6326000,50,12
"0015w00002DFO5FAAX","00E5w000004erLxEAI/00E5w000004erM0EAI/00E5w000004erLvEAI","0065w000022R2jNAAS","SendOrder.com","https://samennis-20200526-demo--c.documentforce.com/profilephoto/7295w000000W2nZ/F","Michelle Stanley",,"2020-05-27T03:54:48.000Z","Elliot Executive","0055w00000D4KBrAAN","Michelle Stanley","Michelle Stanley","Michelle Stanley/John Chen/Elliot Executive/Sam Ennis","Elliot Executive","John Chen","Marketing Event","00E5w000004erLwEAI","SendOrder.com","true","Low","true","RVP Central","LA",,"2019-09-25T07:00:00.000Z","Central Sales","SendOrder.com 251","00E5w000004erLxEAI","2019_04","RVPCentral","00E5w000004erLvEAI","https://samennis-20200526-demo--c.documentforce.com/profilephoto/7295w000000W2nZ/T","Retail","Mid-Market","mstanley1590550477825@demo.user","SendOrder.com","Michelle Stanley","CentralSales",,0,417182000,3118,0
"0015w00002DFNTaAAP","00E5w000004erLxEAI/00E5w000004erM0EAI/00E5w000004erLvEAI","0065w000022R1wfAAC","ICC Industries","https://samennis-20200526-demo--c.documentforce.com/profilephoto/7295w000000W2nU/F","Rebecca Gonzalez",,"2020-05-27T03:50:14.000Z","Elliot Executive","0055w00000D4KBtAAN","Rebecca Gonzalez","Rebecca Gonzalez","Rebecca Gonzalez/John Chen/Elliot Executive/Sam Ennis","Elliot Executive","John Chen","Inbound Call","00E5w000004erLwEAI","ICC Industries","true","Low","true","RVP Central","IL",,"2020-01-06T08:00:00.000Z","Central Sales","ICC Industries 171","00E5w000004erLxEAI","2019_04","RVPCentral","00E5w000004erLvEAI","https://samennis-20200526-demo--c.documentforce.com/profilephoto/7295w000000W2nU/T","Communications","Corporate","rgonzale1590550477838@demo.user","ICC Industries","Rebecca Gonzalez","CentralSales",,3.1818,9486000,109,3
"0015w00002DFO1RAAX","00E5w000004erM7EAI/00E5w000004erM0EAI/00E5w000004erLvEAI","0065w000022R2eNAAS","General Casualty Co","https://samennis-20200526-demo--c.documentforce.com/profilephoto/7295w000000W2mg/F","Kaitlyn Guerrero",,"2020-05-27T03:54:34.000Z","Edwin Tucker","0055w00000D4KBkAAN","Kaitlyn Guerrero","Kaitlyn Guerrero","Kaitlyn Guerrero/Edwin Tucker/Elliot Executive/Sam Ennis","Edwin Tucker","Edwin Tucker","Marketing Event","00E5w000004erM5EAI","General Casualty Co","true","Low","true","RVP East","NC",,"2020-04-30T07:00:00.000Z","East Sales","General Casualty Co 193","00E5w000004erM7EAI","2019_05","RVPEast","00E5w000004erLvEAI","https://samennis-20200526-demo--c.documentforce.com/profilephoto/7295w000000W2mg/T","Manufacturing","SMB","kguerrer1590550477782@demo.user","General Casualty Co","Kaitlyn Guerrero","EastSales",,0.7778,29123000,572,1
"0015w00002DFNpUAAX","00E5w000004erLxEAI/00E5w000004erM0EAI/00E5w000004erLvEAI","0065w000022R2OmAAK","Baron Group Inc","https://samennis-20200526-demo--c.documentforce.com/profilephoto/7295w000000W2ne/F","Robin Montgomery",,"2020-05-27T03:53:44.000Z","Elliot Executive","0055w00000D4KBnAAN","Robin Montgomery","Robin Montgomery","Robin Montgomery/John Chen/Elliot Executive/Sam Ennis","Elliot Executive","John Chen","Inbound Call","00E5w000004erLwEAI","Baron Group Inc","true","Low","true","RVP Central","NJ",,"2020-02-19T08:00:00.000Z","Central Sales","Baron Group Inc 118","00E5w000004erLxEAI","2019_05","RVPCentral","00E5w000004erLvEAI","https://samennis-20200526-demo--c.documentforce.com/profilephoto/7295w000000W2ne/T","Manufacturing","Corporate","rmontgom1590550477800@demo.user","Baron Group Inc","Robin Montgomery","CentralSales",,2.625,5782000,153,3
"0015w00002DFNVJAA5","00E5w000004erLxEAI/00E5w000004erM0EAI/00E5w000004erLvEAI","0065w000022R1ywAAC","Acutherm","https://samennis-20200526-demo--c.documentforce.com/profilephoto/7295w000000W2mW/F","Crystal Stevens",,"2020-05-27T03:51:31.000Z","Crystal Stevens","0055w00000D4KBsAAN","Crystal Stevens","Crystal Stevens","Crystal Stevens/John Chen/Elliot Executive/Sam Ennis","Crystal Stevens","John Chen","Referral","00E5w000004erLwEAI","Acutherm","true","Medium","true","RVP Central","IL",,"2019-11-17T08:00:00.000Z","Central Sales","Acutherm 197","00E5w000004erLxEAI","2019_05","RVPCentral","00E5w000004erLvEAI","https://samennis-20200526-demo--c.documentforce.com/profilephoto/7295w000000W2mW/T","Banking","Corporate","cstevens1590550477831@demo.user","Acutherm","Crystal Stevens","CentralSales",,96.1032,7625000,68,96
"0015w00002DFNjeAAH","00E5w000004erLxEAI/00E5w000004erM0EAI/00E5w000004erLvEAI","0065w000022R2H9AAK","Intelsat Corporation","https://samennis-20200526-demo--c.documentforce.com/profilephoto/7295w000000W2nZ/F","Michelle Stanley",,"2020-05-27T03:52:30.000Z","Elliot Executive","0055w00000D4KBrAAN","Michelle Stanley","Michelle Stanley","Michelle Stanley/John Chen/Elliot Executive/Sam Ennis","Elliot Executive","John Chen","Marketing Event","00E5w000004erLwEAI","Intelsat Corporation","true","High","true","RVP Central","LA",,"2019-05-26T07:00:00.000Z","Central Sales","Intelsat Corporation 11","00E5w000004erLxEAI","2019_05","RVPCentral","00E5w000004erLvEAI","https://samennis-20200526-demo--c.documentforce.com/profilephoto/7295w000000W2nZ/T","Education","Corporate","mstanley1590550477825@demo.user","Intelsat Corporation","Michelle Stanley","CentralSales",,121.5744,8056000,178,122
"0015w00002DFNLUAA5","00E5w000004erLxEAI/00E5w000004erM0EAI/00E5w000004erLvEAI","0065w000022R1lOAAS","Arbitration Solutions","https://samennis-20200526-demo--c.documentforce.com/profilephoto/7295w000000W2nU/F","Rebecca Gonzalez",,"2020-05-27T03:49:40.000Z","Elliot Executive","0055w00000D4KBtAAN","Rebecca Gonzalez","Rebecca Gonzalez","Rebecca Gonzalez/John Chen/Elliot Executive/Sam Ennis","Elliot Executive","John Chen","Data.com","00E5w000004erLwEAI","Arbitration Solutions","true","Medium","true","RVP Central","MO",,"2019-08-20T07:00:00.000Z","Central Sales","Arbitration Solutions 38","00E5w000004erLxEAI","2019_05","RVPCentral","00E5w000004erLvEAI","https://samennis-20200526-demo--c.documentforce.com/profilephoto/7295w000000W2nU/T","Retail","Corporate","rgonzale1590550477838@demo.user","Arbitration Solutions","Rebecca Gonzalez","CentralSales",,76.0272,3532000,112,76
"0015w00002DFNI4AAP","00E5w000004erLzEAI/00E5w000004erM0EAI/00E5w000004erLvEAI","0065w000022R1gbAAC","Toledo Medical Imaging","https://samennis-20200526-demo--c.documentforce.com/profilephoto/7295w000000W2nF/F","Mary Powers",,"2020-05-27T03:49:30.000Z","Andrew Martin","0055w00000D4KBeAAN","Mary Powers","Mary Powers","Mary Powers/Andrew Martin/Elliot Executive/Sam Ennis","Andrew Martin","Andrew Martin","Referral","00E5w000004erLyEAI","Toledo Medical Imaging","true","Low","true","RVP West","AK",,"2019-05-11T07:00:00.000Z","West Sales","Toledo Medical Imaging 133","00E5w000004erLzEAI","2019_05","RVPWest","00E5w000004erLvEAI","https://samennis-20200526-demo--c.documentforce.com/profilephoto/7295w000000W2nF/T","Consulting","Corporate","mpowers1590550477739@demo.user","Toledo Medical Imaging","Mary Powers","WestSales",,33.0461,4289000,124,33
"0015w00002DFNiYAAX","00E5w000004erM7EAI/00E5w000004erM0EAI/00E5w000004erLvEAI","0065w000022R2FgAAK","Ican Software","https://samennis-20200526-demo--c.documentforce.com/profilephoto/7295w000000W2n5/F","Steven Mathis",,"2020-05-27T03:52:21.000Z","Edwin Tucker","0055w00000D4KBlAAN","Steven Mathis","Steven Mathis","Steven Mathis/Edwin Tucker/Elliot Executive/Sam Ennis","Edwin Tucker","Edwin Tucker","Referral","00E5w000004erM5EAI","Ican Software","true","Low","true","RVP East","NH",,"2019-03-05T08:00:00.000Z","East Sales","Ican Software 36","00E5w000004erM7EAI","2019_05","RVPEast","00E5w000004erLvEAI","https://samennis-20200526-demo--c.documentforce.com/profilephoto/7295w000000W2n5/T","Machinery","Corporate","smathis1590550477787@demo.user","Ican Software","Steven Mathis","EastSales",,1,7615000,148,1
"0015w00002DFNV3AAP","00E5w000004erLxEAI/00E5w000004erM0EAI/00E5w000004erLvEAI","0065w000022R1yZAAS","Towers Perrin Forester & Crosby","https://samennis-20200526-demo--c.documentforce.com/profilephoto/7295w000000W2mW/F","Crystal Stevens",,"2020-05-27T03:51:31.000Z","Crystal Stevens","0055w00000D4KBsAAN","Crystal Stevens","Crystal Stevens","Crystal Stevens/John Chen/Elliot Executive/Sam Ennis","Crystal Stevens","John Chen","Partner","00E5w000004erLwEAI","Towers Perrin Forester & Crosby","true","Low","true","RVP Central","NE",,"2019-04-09T07:00:00.000Z","Central Sales","Towers Perrin Forester & Crosby 123","00E5w000004erLxEAI","2019_05","RVPCentral","00E5w000004erLvEAI","https://samennis-20200526-demo--c.documentforce.com/profilephoto/7295w000000W2mW/T","Recreation","Corporate","cstevens1590550477831@demo.user","Towers Perrin Forester & Crosby","Crystal Stevens","CentralSales",,13.9491,4307000,103,14
"0015w00002DFO3ZAAX","00E5w000004erLzEAI/00E5w000004erM0EAI/00E5w000004erLvEAI","0065w000022R2h8AAC","Newmarket International","https://samennis-20200526-demo--c.documentforce.com/profilephoto/7295w000000W2nK/F","Amanda Hernandez",,"2020-05-27T03:54:42.000Z","Amanda Hernandez","0055w00000D4KBfAAN","Amanda Hernandez","Amanda Hernandez","Amanda Hernandez/Andrew Martin/Elliot Executive/Sam Ennis","Amanda Hernandez","Andrew Martin","Cold Call","00E5w000004erLyEAI","Newmarket International","true","Low","true","RVP West","MT",,"2020-03-05T08:00:00.000Z","West Sales","Newmarket International 19","00E5w000004erLzEAI","2019_05","RVPWest","00E5w000004erLvEAI","https://samennis-20200526-demo--c.documentforce.com/profilephoto/7295w000000W2nK/T","Entertainment","Mid-Market","ahernand1590550477747@demo.user","Newmarket International","Amanda Hernandez","WestSales",,5.6,393882000,901,6
"0015w00002DFNsbAAH","00E5w000004erLzEAI/00E5w000004erM0EAI/00E5w000004erLvEAI","0065w000022R2T5AAK","GENCO Distribution System","https://samennis-20200526-demo--c.documentforce.com/profilephoto/7295w000000W2nF/F","Mary Powers",,"2020-05-27T03:54:04.000Z","Andrew Martin","0055w00000D4KBeAAN","Mary Powers","Mary Powers","Mary Powers/Andrew Martin/Elliot Executive/Sam Ennis","Andrew Martin","Andrew Martin","Social Media","00E5w000004erLyEAI","GENCO Distribution System","true","Low","true","RVP West","AZ",,"2019-11-08T08:00:00.000Z","West Sales","GENCO Distribution System 1","00E5w000004erLzEAI","2019_05","RVPWest","00E5w000004erLvEAI","https://samennis-20200526-demo--c.documentforce.com/profilephoto/7295w000000W2nF/T","Energy","Corporate","mpowers1590550477739@demo.user","GENCO Distribution System","Mary Powers","WestSales",,4.6667,8919000,164,5
"0015w00002DFNnNAAX","00E5w000004erM7EAI/00E5w000004erM0EAI/00E5w000004erLvEAI","0065w000022R2LwAAK","Xerox Corporation - Houston","https://samennis-20200526-demo--c.documentforce.com/profilephoto/7295w000000W2ml/F","Craig Arnold",,"2020-05-27T03:53:44.000Z","Craig Arnold","0055w00000D4KBjAAN","Craig Arnold","Craig Arnold","Craig Arnold/Edwin Tucker/Elliot Executive/Sam Ennis","Craig Arnold","Edwin Tucker","Inbound Call","00E5w000004erM5EAI","Xerox Corporation - Houston","true","Low","true","RVP East","CT",,"2018-10-13T07:00:00.000Z","East Sales","Xerox Corporation - Houston 99","00E5w000004erM7EAI","2019_05","RVPEast","00E5w000004erLvEAI","https://samennis-20200526-demo--c.documentforce.com/profilephoto/7295w000000W2ml/T","Entertainment","Corporate","carnold1590550477775@demo.user","Xerox Corporation - Houston","Craig Arnold","EastSales",,31.962,2549000,204,32
"0015w00002DFOCYAA5","00E5w000004erLzEAI/00E5w000004erM0EAI/00E5w000004erLvEAI","0065w000022R2slAAC","Paracelsus Healthcare","https://samennis-20200526-demo--c.documentforce.com/profilephoto/7295w000000W2nK/F","Amanda Hernandez",,"2020-05-27T03:56:17.000Z","Amanda Hernandez","0055w00000D4KBfAAN","Amanda Hernandez","Amanda Hernandez","Amanda Hernandez/Andrew Martin/Elliot Executive/Sam Ennis","Amanda Hernandez","Andrew Martin","Referral","00E5w000004erLyEAI","Paracelsus Healthcare","true","Low","true","RVP West","AK",,"2018-08-02T07:00:00.000Z","West Sales","Paracelsus Healthcare 125","00E5w000004erLzEAI","2019_06","RVPWest","00E5w000004erLvEAI","https://samennis-20200526-demo--c.documentforce.com/profilephoto/7295w000000W2nK/T","Energy","T100","ahernand1590550477747@demo.user","Paracelsus Healthcare","Amanda Hernandez","WestSales",,0,5193082000,9525,0
"0015w00002DFNtUAAX","00E5w000004erLxEAI/00E5w000004erM0EAI/00E5w000004erLvEAI","0065w000022R2UKAA0","Network Co.","https://samennis-20200526-demo--c.documentforce.com/profilephoto/7295w000000W2nU/F","Rebecca Gonzalez",,"2020-05-27T03:54:04.000Z","Elliot Executive","0055w00000D4KBtAAN","Rebecca Gonzalez","Rebecca Gonzalez","Rebecca Gonzalez/John Chen/Elliot Executive/Sam Ennis","Elliot Executive","John Chen","Inbound Call","00E5w000004erLwEAI","Network Co.","true","Low","true","RVP Central","IA",,"2018-10-21T07:00:00.000Z","Central Sales","Network Co. 198","00E5w000004erLxEAI","2019_06","RVPCentral","00E5w000004erLvEAI","https://samennis-20200526-demo--c.documentforce.com/profilephoto/7295w000000W2nU/T","Financial Services","Corporate","rgonzale1590550477838@demo.user","Network Co.","Rebecca Gonzalez","CentralSales",,7,5457000,236,7
"0015w00002DFO1RAAX","00E5w000004erM7EAI/00E5w000004erM0EAI/00E5w000004erLvEAI","0065w000022R2eNAAS","General Casualty Co","https://samennis-20200526-demo--c.documentforce.com/profilephoto/7295w000000W2mg/F","Kaitlyn Guerrero",,"2020-05-27T03:54:34.000Z","Edwin Tucker","0055w00000D4KBkAAN","Kaitlyn Guerrero","Kaitlyn Guerrero","Kaitlyn Guerrero/Edwin Tucker/Elliot Executive/Sam Ennis","Edwin Tucker","Edwin Tucker","Marketing Event","00E5w000004erM5EAI","General Casualty Co","true","Low","true","RVP East","NC",,"2020-04-30T07:00:00.000Z","East Sales","General Casualty Co 193","00E5w000004erM7EAI","2019_06","RVPEast","00E5w000004erLvEAI","https://samennis-20200526-demo--c.documentforce.com/profilephoto/7295w000000W2mg/T","Manufacturing","SMB","kguerrer1590550477782@demo.user","General Casualty Co","Kaitlyn Guerrero","EastSales",,1.0769,29123000,572,1
"0015w00002DFNHlAAP","00E5w000004erLxEAI/00E5w000004erM0EAI/00E5w000004erLvEAI","0065w000022R1gCAAS","In2Change Inc","https://samennis-20200526-demo--c.documentforce.com/profilephoto/7295w000000W2mb/F","Theresa Jones",,"2020-05-27T03:49:30.000Z","Elliot Executive","0055w00000D4KBoAAN","Theresa Jones","Theresa Jones","Theresa Jones/John Chen/Elliot Executive/Sam Ennis","Elliot Executive","John Chen","Cold Call","00E5w000004erLwEAI","In2Change Inc","true","Low","true","RVP Central","IN",,"2019-08-25T07:00:00.000Z","Central Sales","In2Change Inc 153","00E5w000004erLxEAI","2019_06","RVPCentral","00E5w000004erLvEAI","https://samennis-20200526-demo--c.documentforce.com/profilephoto/7295w000000W2mb/T","Technology","Corporate","tjones1590550477806@demo.user","In2Change Inc","Theresa Jones","CentralSales",,0,5333000,216,0
"0015w00002DFNnNAAX","00E5w000004erM7EAI/00E5w000004erM0EAI/00E5w000004erLvEAI","0065w000022R2LwAAK","Xerox Corporation - Houston","https://samennis-20200526-demo--c.documentforce.com/profilephoto/7295w000000W2ml/F","Craig Arnold",,"2020-05-27T03:53:44.000Z","Craig Arnold","0055w00000D4KBjAAN","Craig Arnold","Craig Arnold","Craig Arnold/Edwin Tucker/Elliot Executive/Sam Ennis","Craig Arnold","Edwin Tucker","Inbound Call","00E5w000004erM5EAI","Xerox Corporation - Houston","true","High","true","RVP East","CT",,"2018-10-13T07:00:00.000Z","East Sales","Xerox Corporation - Houston 99","00E5w000004erM7EAI","2019_06","RVPEast","00E5w000004erLvEAI","https://samennis-20200526-demo--c.documentforce.com/profilephoto/7295w000000W2ml/T","Entertainment","Corporate","carnold1590550477775@demo.user","Xerox Corporation - Houston","Craig Arnold","EastSales",,117.124,2549000,204,117
"0015w00002DFNiYAAX","00E5w000004erM7EAI/00E5w000004erM0EAI/00E5w000004erLvEAI","0065w000022R2FgAAK","Ican Software","https://samennis-20200526-demo--c.documentforce.com/profilephoto/7295w000000W2n5/F","Steven Mathis",,"2020-05-27T03:52:21.000Z","Edwin Tucker","0055w00000D4KBlAAN","Steven Mathis","Steven Mathis","Steven Mathis/Edwin Tucker/Elliot Executive/Sam Ennis","Edwin Tucker","Edwin Tucker","Referral","00E5w000004erM5EAI","Ican Software","true","Low","true","RVP East","NH",,"2019-03-05T08:00:00.000Z","East Sales","Ican Software 36","00E5w000004erM7EAI","2019_07","RVPEast","00E5w000004erLvEAI","https://samennis-20200526-demo--c.documentforce.com/profilephoto/7295w000000W2n5/T","Machinery","Corporate","smathis1590550477787@demo.user","Ican Software","Steven Mathis","EastSales",,0,7615000,148,0
"0015w00002DFNSlAAP","00E5w000004erLzEAI/00E5w000004erM0EAI/00E5w000004erLvEAI","0065w000022R1vbAAC","Individual Software","https://samennis-20200526-demo--c.documentforce.com/profilephoto/7295w000000W2mR/F","Brandy Mullins",,"2020-05-27T03:50:08.000Z","Andrew Martin","0055w00000D4KBgAAN","Brandy Mullins","Brandy Mullins","Brandy Mullins/Andrew Martin/Elliot Executive/Sam Ennis","Andrew Martin","Andrew Martin","Social Media","00E5w000004erLyEAI","Individual Software","true","Low","true","RVP West","WA",,"2018-12-01T08:00:00.000Z","West Sales","Individual Software 10","00E5w000004erLzEAI","2019_07","RVPWest","00E5w000004erLvEAI","https://samennis-20200526-demo--c.documentforce.com/profilephoto/7295w000000W2mR/T","Government","Corporate","bmullins1590550477755@demo.user","Individual Software","Brandy Mullins","WestSales",,0,9436000,126,0
"0015w00002DFNdvAAH","00E5w000004erLxEAI/00E5w000004erM0EAI/00E5w000004erLvEAI","0065w000022R29xAAC","eStudio","https://samennis-20200526-demo--c.documentforce.com/profilephoto/7295w000000W2nZ/F","Michelle Stanley",,"2020-05-27T03:52:01.000Z","Elliot Executive","0055w00000D4KBrAAN","Michelle Stanley","Michelle Stanley","Michelle Stanley/John Chen/Elliot Executive/Sam Ennis","Elliot Executive","John Chen","Cold Call","00E5w000004erLwEAI","eStudio","true","Low","true","RVP Central","PA",,"2019-12-29T08:00:00.000Z","Central Sales","eStudio 250","00E5w000004erLxEAI","2019_07","RVPCentral","00E5w000004erLvEAI","https://samennis-20200526-demo--c.documentforce.com/profilephoto/7295w000000W2nZ/T","Other","Corporate","mstanley1590550477825@demo.user","eStudio","Michelle Stanley","CentralSales",,14,5314000,75,14
"0015w00002DFNVJAA5","00E5w000004erLxEAI/00E5w000004erM0EAI/00E5w000004erLvEAI","0065w000022R1ywAAC","Acutherm","https://samennis-20200526-demo--c.documentforce.com/profilephoto/7295w000000W2mW/F","Crystal Stevens",,"2020-05-27T03:51:31.000Z","Crystal Stevens","0055w00000D4KBsAAN","Crystal Stevens","Crystal Stevens","Crystal Stevens/John Chen/Elliot Executive/Sam Ennis","Crystal Stevens","John Chen","Referral","00E5w000004erLwEAI","Acutherm","true","High","true","RVP Central","IL",,"2019-11-17T08:00:00.000Z","Central Sales","Acutherm 197","00E5w000004erLxEAI","2019_10","RVPCentral","00E5w000004erLvEAI","https://samennis-20200526-demo--c.documentforce.com/profilephoto/7295w000000W2mW/T","Banking","Corporate","cstevens1590550477831@demo.user","Acutherm","Crystal Stevens","CentralSales",,109.5627,7625000,68,110
"0015w00002DFNZQAA5","00E5w000004erM7EAI/00E5w000004erM0EAI/00E5w000004erLvEAI","0065w000022R24MAAS","InterAmerica Technologies","https://samennis-20200526-demo--c.documentforce.com/profilephoto/7295w000000W2mq/F","Alexander Cruz",,"2020-05-27T03:51:50.000Z","Alexander Cruz","0055w00000D4KBdAAN","Alexander Cruz","Alexander Cruz","Alexander Cruz/Edwin Tucker/Elliot Executive/Sam Ennis","Alexander Cruz","Edwin Tucker","Website","00E5w000004erM5EAI","InterAmerica Technologies","true","Medium","true","RVP East","MA",,"2020-05-11T07:00:00.000Z","East Sales","InterAmerica Technologies 111","00E5w000004erM7EAI","2019_10","RVPEast","00E5w000004erLvEAI","https://samennis-20200526-demo--c.documentforce.com/profilephoto/7295w000000W2mq/T","Engineering","Corporate","acruz1590550477724@demo.user","InterAmerica Technologies","Alexander Cruz","EastSales",,72.9286,4035000,86,73
"0015w00002DFNEVAA5","00E5w000004erLzEAI/00E5w000004erM0EAI/00E5w000004erLvEAI","0065w000022R1bbAAC","Kjr 950 Am","https://samennis-20200526-demo--c.documentforce.com/profilephoto/7295w000000W2nF/F","Mary Powers",,"2020-05-27T03:49:09.000Z","Andrew Martin","0055w00000D4KBeAAN","Mary Powers","Mary Powers","Mary Powers/Andrew Martin/Elliot Executive/Sam Ennis","Andrew Martin","Andrew Martin","Social Media","00E5w000004erLyEAI","Kjr 950 Am","true","Low","true","RVP West","WA",,"2018-08-12T07:00:00.000Z","West Sales","Kjr 950 Am 121","00E5w000004erLzEAI","2019_10","RVPWest","00E5w000004erLvEAI","https://samennis-20200526-demo--c.documentforce.com/profilephoto/7295w000000W2nF/T","Energy","Corporate","mpowers1590550477739@demo.user","Kjr 950 Am","Mary Powers","WestSales",,43.4259,4728000,130,43
"0015w00002DFO6tAAH","00E5w000004erLxEAI/00E5w000004erM0EAI/00E5w000004erLvEAI","0065w000022R2lZAAS","OnDemand Inc","https://samennis-20200526-demo--c.documentforce.com/profilephoto/7295w000000W2nU/F","Rebecca Gonzalez",,"2020-05-27T03:55:53.000Z","Elliot Executive","0055w00000D4KBtAAN","Rebecca Gonzalez","Rebecca Gonzalez","Rebecca Gonzalez/John Chen/Elliot Executive/Sam Ennis","Elliot Executive","John Chen","Marketing Event","00E5w000004erLwEAI","OnDemand Inc","true","Low","true","RVP Central","NJ",,"2018-06-09T07:00:00.000Z","Central Sales","OnDemand Inc 87","00E5w000004erLxEAI","2019_10","RVPCentral","00E5w000004erLvEAI","https://samennis-20200526-demo--c.documentforce.com/profilephoto/7295w000000W2nU/T","Energy","Enterprise","rgonzale1590550477838@demo.user","OnDemand Inc","Rebecca Gonzalez","CentralSales",,12.1298,1145751000,215,12
"0015w00002DFO7xAAH","00E5w000004erLxEAI/00E5w000004erM0EAI/00E5w000004erLvEAI","0065w000022R2mzAAC","John Q. Hammons Hotels","https://samennis-20200526-demo--c.documentforce.com/profilephoto/7295w000000W2mW/F","Crystal Stevens",,"2020-05-27T03:55:53.000Z","Crystal Stevens","0055w00000D4KBsAAN","Crystal Stevens","Crystal Stevens","Crystal Stevens/John Chen/Elliot Executive/Sam Ennis","Crystal Stevens","John Chen","Community","00E5w000004erLwEAI","John Q. Hammons Hotels","true","Low","true","RVP Central","NY",,"2020-02-19T08:00:00.000Z","Central Sales","John Q. Hammons Hotels 236","00E5w000004erLxEAI","2019_10","RVPCentral","00E5w000004erLvEAI","https://samennis-20200526-demo--c.documentforce.com/profilephoto/7295w000000W2mW/T","Machinery","Enterprise","cstevens1590550477831@demo.user","John Q. Hammons Hotels","Crystal Stevens","CentralSales",,0.3182,1848259000,3821,0
"0015w00002DFNQpAAP","00E5w000004erLxEAI/00E5w000004erM0EAI/00E5w000004erLvEAI","0065w000022R1t1AAC","Tech Talent","https://samennis-20200526-demo--c.documentforce.com/profilephoto/7295w000000W2nZ/F","Michelle Stanley",,"2020-05-27T03:50:08.000Z","Elliot Executive","0055w00000D4KBrAAN","Michelle Stanley","Michelle Stanley","Michelle Stanley/John Chen/Elliot Executive/Sam Ennis","Elliot Executive","John Chen","Marketing Event","00E5w000004erLwEAI","Tech Talent","true","Low","true","RVP Central","MO",,"2019-03-18T07:00:00.000Z","Central Sales","Tech Talent 195","00E5w000004erLxEAI","2019_10","RVPCentral","00E5w000004erLvEAI","https://samennis-20200526-demo--c.documentforce.com/profilephoto/7295w000000W2nZ/T","Financial Services","Corporate","mstanley1590550477825@demo.user","Tech Talent","Michelle Stanley","CentralSales",,15,2587000,23,15
"0015w00002DFNKRAA5","00E5w000004erLxEAI/00E5w000004erM0EAI/00E5w000004erLvEAI","0065w000022R1jvAAC","DCI HOLDINGS","https://samennis-20200526-demo--c.documentforce.com/profilephoto/7295w000000W2nZ/F","Michelle Stanley",,"2020-05-27T03:49:40.000Z","Elliot Executive","0055w00000D4KBrAAN","Michelle Stanley","Michelle Stanley","Michelle Stanley/John Chen/Elliot Executive/Sam Ennis","Elliot Executive","John Chen","Referral","00E5w000004erLwEAI","DCI HOLDINGS","true","Low","true","RVP Central","IL",,"2018-05-30T07:00:00.000Z","Central Sales","DCI HOLDINGS 182","00E5w000004erLxEAI","2019_10","RVPCentral","00E5w000004erLvEAI","https://samennis-20200526-demo--c.documentforce.com/profilephoto/7295w000000W2nZ/T","Shipping","Corporate","mstanley1590550477825@demo.user","DCI HOLDINGS","Michelle Stanley","CentralSales",,0,9883000,173,0
"0015w00002DFNGIAA5","00E5w000004erLzEAI/00E5w000004erM0EAI/00E5w000004erLvEAI","0065w000022R1eCAAS","Transoft Networks","https://samennis-20200526-demo--c.documentforce.com/profilephoto/7295w000000W2nP/F","Heather Greer",,"2020-05-27T03:49:21.000Z","Andrew Martin","0055w00000D4KBpAAN","Heather Greer","Heather Greer","Heather Greer/Andrew Martin/Elliot Executive/Sam Ennis","Andrew Martin","Andrew Martin","Data.com","00E5w000004erLyEAI","Transoft Networks","true","Low","true","RVP West","WA",,"2020-03-02T08:00:00.000Z","West Sales","Transoft Networks 24","00E5w000004erLzEAI","2019_10","RVPWest","00E5w000004erLvEAI","https://samennis-20200526-demo--c.documentforce.com/profilephoto/7295w000000W2nP/T","Banking","Corporate","hgreer1590550477812@demo.user","Transoft Networks","Heather Greer","WestSales",,2.8,4868000,203,3
"0015w00002DFNEVAA5","00E5w000004erLzEAI/00E5w000004erM0EAI/00E5w000004erLvEAI","0065w000022R1bbAAC","Kjr 950 Am","https://samennis-20200526-demo--c.documentforce.com/profilephoto/7295w000000W2nF/F","Mary Powers",,"2020-05-27T03:49:09.000Z","Andrew Martin","0055w00000D4KBeAAN","Mary Powers","Mary Powers","Mary Powers/Andrew Martin/Elliot Executive/Sam Ennis","Andrew Martin","Andrew Martin","Social Media","00E5w000004erLyEAI","Kjr 950 Am","true","Medium","true","RVP West","WA",,"2018-08-12T07:00:00.000Z","West Sales","Kjr 950 Am 121","00E5w000004erLzEAI","2019_07","RVPWest","00E5w000004erLvEAI","https://samennis-20200526-demo--c.documentforce.com/profilephoto/7295w000000W2nF/T","Energy","Corporate","mpowers1590550477739@demo.user","Kjr 950 Am","Mary Powers","WestSales",,58.6642,4728000,130,59
"0015w00002DFNVoAAP","00E5w000004erLzEAI/00E5w000004erM0EAI/00E5w000004erLvEAI","0065w000022R1zaAAC","Torto Wheaton Research","https://samennis-20200526-demo--c.documentforce.com/profilephoto/7295w000000W2nK/F","Amanda Hernandez",,"2020-05-27T03:51:31.000Z","Amanda Hernandez","0055w00000D4KBfAAN","Amanda Hernandez","Amanda Hernandez","Amanda Hernandez/Andrew Martin/Elliot Executive/Sam Ennis","Amanda Hernandez","Andrew Martin","Community","00E5w000004erLyEAI","Torto Wheaton Research","true","Low","true","RVP West","UT",,"2019-05-29T07:00:00.000Z","West Sales","Torto Wheaton Research 34","00E5w000004erLzEAI","2019_07","RVPWest","00E5w000004erLvEAI","https://samennis-20200526-demo--c.documentforce.com/profilephoto/7295w000000W2nK/T","Telecommunications","Corporate","ahernand1590550477747@demo.user","Torto Wheaton Research","Amanda Hernandez","WestSales",,20.825,7306000,75,21
"0015w00002DFNQpAAP","00E5w000004erLxEAI/00E5w000004erM0EAI/00E5w000004erLvEAI","0065w000022R1t1AAC","Tech Talent","https://samennis-20200526-demo--c.documentforce.com/profilephoto/7295w000000W2nZ/F","Michelle Stanley",,"2020-05-27T03:50:08.000Z","Elliot Executive","0055w00000D4KBrAAN","Michelle Stanley","Michelle Stanley","Michelle Stanley/John Chen/Elliot Executive/Sam Ennis","Elliot Executive","John Chen","Marketing Event","00E5w000004erLwEAI","Tech Talent","true","Low","true","RVP Central","MO",,"2019-03-18T07:00:00.000Z","Central Sales","Tech Talent 195","00E5w000004erLxEAI","2019_07","RVPCentral","00E5w000004erLvEAI","https://samennis-20200526-demo--c.documentforce.com/profilephoto/7295w000000W2nZ/T","Financial Services","Corporate","mstanley1590550477825@demo.user","Tech Talent","Michelle Stanley","CentralSales",,30.6923,2587000,23,31
"0015w00002DFNOsAAP","00E5w000004erLzEAI/00E5w000004erM0EAI/00E5w000004erLvEAI","0065w000022R1qGAAS","MK Incorporated","https://samennis-20200526-demo--c.documentforce.com/profilephoto/7295w000000W2nF/F","Mary Powers",,"2020-05-27T03:49:58.000Z","Andrew Martin","0055w00000D4KBeAAN","Mary Powers","Mary Powers","Mary Powers/Andrew Martin/Elliot Executive/Sam Ennis","Andrew Martin","Andrew Martin","Inbound Call","00E5w000004erLyEAI","MK Incorporated","true","High","true","RVP West","WY",,"2018-08-02T07:00:00.000Z","West Sales","MK Incorporated 248","00E5w000004erLzEAI","2019_07","RVPWest","00E5w000004erLvEAI","https://samennis-20200526-demo--c.documentforce.com/profilephoto/7295w000000W2nF/T","Electronics","Corporate","mpowers1590550477739@demo.user","MK Incorporated","Mary Powers","WestSales",,125,9588000,209,125
"0015w00002DFNCwAAP","00E5w000004erLzEAI/00E5w000004erM0EAI/00E5w000004erLvEAI","0065w000022R1ZTAA0","Cipient Networks Inc","https://samennis-20200526-demo--c.documentforce.com/profilephoto/7295w000000W2nF/F","Mary Powers",,"2020-05-27T03:49:09.000Z","Andrew Martin","0055w00000D4KBeAAN","Mary Powers","Mary Powers","Mary Powers/Andrew Martin/Elliot Executive/Sam Ennis","Andrew Martin","Andrew Martin","Partner","00E5w000004erLyEAI","Cipient Networks Inc","true","High","true","RVP West","WA",,"2019-08-14T07:00:00.000Z","West Sales","Cipient Networks Inc 16","00E5w000004erLzEAI","2019_07","RVPWest","00E5w000004erLvEAI","https://samennis-20200526-demo--c.documentforce.com/profilephoto/7295w000000W2nF/T","Engineering","Corporate","mpowers1590550477739@demo.user","Cipient Networks Inc","Mary Powers","WestSales",,188.3636,7269000,245,188
"0015w00002DFNVjAAP","00E5w000004erLxEAI/00E5w000004erM0EAI/00E5w000004erLvEAI","0065w000022R1zVAAS","F5(formerly Uroam )(formerly Filanet Cor","https://samennis-20200526-demo--c.documentforce.com/profilephoto/7295w000000W2ne/F","Robin Montgomery",,"2020-05-27T03:51:31.000Z","Elliot Executive","0055w00000D4KBnAAN","Robin Montgomery","Robin Montgomery","Robin Montgomery/John Chen/Elliot Executive/Sam Ennis","Elliot Executive","John Chen","Website","00E5w000004erLwEAI","F5(formerly Uroam )(formerly Filanet Cor","true","Low","true","RVP Central","IN",,"2019-11-09T08:00:00.000Z","Central Sales","F5(formerly Uroam )(formerly Filanet Cor 201","00E5w000004erLxEAI","2019_07","RVPCentral","00E5w000004erLvEAI","https://samennis-20200526-demo--c.documentforce.com/profilephoto/7295w000000W2ne/T","Energy","Corporate","rmontgom1590550477800@demo.user","F5(formerly Uroam )(formerly Filanet Cor","Robin Montgomery","CentralSales",,2.8767,3359000,180,3
"0015w00002DFNpUAAX","00E5w000004erLxEAI/00E5w000004erM0EAI/00E5w000004erLvEAI","0065w000022R2OmAAK","Baron Group Inc","https://samennis-20200526-demo--c.documentforce.com/profilephoto/7295w000000W2ne/F","Robin Montgomery",,"2020-05-27T03:53:44.000Z","Elliot Executive","0055w00000D4KBnAAN","Robin Montgomery","Robin Montgomery","Robin Montgomery/John Chen/Elliot Executive/Sam Ennis","Elliot Executive","John Chen","Inbound Call","00E5w000004erLwEAI","Baron Group Inc","true","Low","true","RVP Central","NJ",,"2020-02-19T08:00:00.000Z","Central Sales","Baron Group Inc 118","00E5w000004erLxEAI","2020_01","RVPCentral","00E5w000004erLvEAI","https://samennis-20200526-demo--c.documentforce.com/profilephoto/7295w000000W2ne/T","Manufacturing","Corporate","rmontgom1590550477800@demo.user","Baron Group Inc","Robin Montgomery","CentralSales",,2.9863,5782000,153,3
"0015w00002DFNJEAA5","00E5w000004erLzEAI/00E5w000004erM0EAI/00E5w000004erLvEAI","0065w000022R1iCAAS","WCOIL   Ltd","https://samennis-20200526-demo--c.documentforce.com/profilephoto/7295w000000W2nK/F","Amanda Hernandez",,"2020-05-27T03:49:30.000Z","Amanda Hernandez","0055w00000D4KBfAAN","Amanda Hernandez","Amanda Hernandez","Amanda Hernandez/Andrew Martin/Elliot Executive/Sam Ennis","Amanda Hernandez","Andrew Martin","Inbound Call","00E5w000004erLyEAI","WCOIL   Ltd","true","Medium","true","RVP West","WA",,"2020-01-31T08:00:00.000Z","West Sales","WCOIL   Ltd 148","00E5w000004erLzEAI","2019_08","RVPWest","00E5w000004erLvEAI","https://samennis-20200526-demo--c.documentforce.com/profilephoto/7295w000000W2nK/T","Chemicals","Corporate","ahernand1590550477747@demo.user","WCOIL   Ltd","Amanda Hernandez","WestSales",,85.1806,2181000,159,85
"0015w00002DFNEVAA5","00E5w000004erLzEAI/00E5w000004erM0EAI/00E5w000004erLvEAI","0065w000022R1bbAAC","Kjr 950 Am","https://samennis-20200526-demo--c.documentforce.com/profilephoto/7295w000000W2nF/F","Mary Powers",,"2020-05-27T03:49:09.000Z","Andrew Martin","0055w00000D4KBeAAN","Mary Powers","Mary Powers","Mary Powers/Andrew Martin/Elliot Executive/Sam Ennis","Andrew Martin","Andrew Martin","Social Media","00E5w000004erLyEAI","Kjr 950 Am","true","Medium","true","RVP West","WA",,"2018-08-12T07:00:00.000Z","West Sales","Kjr 950 Am 121","00E5w000004erLzEAI","2019_08","RVPWest","00E5w000004erLvEAI","https://samennis-20200526-demo--c.documentforce.com/profilephoto/7295w000000W2nF/T","Energy","Corporate","mpowers1590550477739@demo.user","Kjr 950 Am","Mary Powers","WestSales",,51.3333,4728000,130,51
"0015w00002DFOCYAA5","00E5w000004erLzEAI/00E5w000004erM0EAI/00E5w000004erLvEAI","0065w000022R2slAAC","Paracelsus Healthcare","https://samennis-20200526-demo--c.documentforce.com/profilephoto/7295w000000W2nK/F","Amanda Hernandez",,"2020-05-27T03:56:17.000Z","Amanda Hernandez","0055w00000D4KBfAAN","Amanda Hernandez","Amanda Hernandez","Amanda Hernandez/Andrew Martin/Elliot Executive/Sam Ennis","Amanda Hernandez","Andrew Martin","Referral","00E5w000004erLyEAI","Paracelsus Healthcare","true","Low","true","RVP West","AK",,"2018-08-02T07:00:00.000Z","West Sales","Paracelsus Healthcare 125","00E5w000004erLzEAI","2019_08","RVPWest","00E5w000004erLvEAI","https://samennis-20200526-demo--c.documentforce.com/profilephoto/7295w000000W2nK/T","Energy","T100","ahernand1590550477747@demo.user","Paracelsus Healthcare","Amanda Hernandez","WestSales",,0,5193082000,9525,0
"0015w00002DFOCaAAP","00E5w000004erLxEAI/00E5w000004erM0EAI/00E5w000004erLvEAI","0065w000022R2sqAAC","IMTS Silicon Motor Speedway","https://samennis-20200526-demo--c.documentforce.com/profilephoto/7295w000000W2nZ/F","Michelle Stanley",,"2020-05-27T03:56:17.000Z","Elliot Executive","0055w00000D4KBrAAN","Michelle Stanley","Michelle Stanley","Michelle Stanley/John Chen/Elliot Executive/Sam Ennis","Elliot Executive","John Chen","Social Media","00E5w000004erLwEAI","IMTS Silicon Motor Speedway","true","Low","true","RVP Central","MN",,"2018-05-29T07:00:00.000Z","Central Sales","IMTS Silicon Motor Speedway 191","00E5w000004erLxEAI","2019_08","RVPCentral","00E5w000004erLvEAI","https://samennis-20200526-demo--c.documentforce.com/profilephoto/7295w000000W2nZ/T","Banking","T100","mstanley1590550477825@demo.user","IMTS Silicon Motor Speedway","Michelle Stanley","CentralSales",,6.3418,3215159000,15614,6
"0015w00002DFNJBAA5","00E5w000004erLzEAI/00E5w000004erM0EAI/00E5w000004erLvEAI","0065w000022R1i9AAC","CyberTrader","https://samennis-20200526-demo--c.documentforce.com/profilephoto/7295w000000W2nP/F","Heather Greer",,"2020-05-27T03:49:30.000Z","Andrew Martin","0055w00000D4KBpAAN","Heather Greer","Heather Greer","Heather Greer/Andrew Martin/Elliot Executive/Sam Ennis","Andrew Martin","Andrew Martin","Data.com","00E5w000004erLyEAI","CyberTrader","true","Low","true","RVP West","UT",,"2019-03-03T08:00:00.000Z","West Sales","CyberTrader 38","00E5w000004erLzEAI","2019_08","RVPWest","00E5w000004erLvEAI","https://samennis-20200526-demo--c.documentforce.com/profilephoto/7295w000000W2nP/T","Recreation","Corporate","hgreer1590550477812@demo.user","CyberTrader","Heather Greer","WestSales",,41.3636,9551000,115,41
"0015w00002DFNTpAAP","00E5w000004erLxEAI/00E5w000004erM0EAI/00E5w000004erLvEAI","0065w000022R1wwAAC","Pimo.net","https://samennis-20200526-demo--c.documentforce.com/profilephoto/7295w000000W2mW/F","Crystal Stevens",,"2020-05-27T03:50:14.000Z","Crystal Stevens","0055w00000D4KBsAAN","Crystal Stevens","Crystal Stevens","Crystal Stevens/John Chen/Elliot Executive/Sam Ennis","Crystal Stevens","John Chen","Inbound Call","00E5w000004erLwEAI","Pimo.net","true","Low","true","RVP Central","WI",,"2018-06-17T07:00:00.000Z","Central Sales","Pimo.net 156","00E5w000004erLxEAI","2019_08","RVPCentral","00E5w000004erLvEAI","https://samennis-20200526-demo--c.documentforce.com/profilephoto/7295w000000W2mW/T","Entertainment","Corporate","cstevens1590550477831@demo.user","Pimo.net","Crystal Stevens","CentralSales",,12.5637,4196000,210,13
"0015w00002DFNKRAA5","00E5w000004erLxEAI/00E5w000004erM0EAI/00E5w000004erLvEAI","0065w000022R1jvAAC","DCI HOLDINGS","https://samennis-20200526-demo--c.documentforce.com/profilephoto/7295w000000W2nZ/F","Michelle Stanley",,"2020-05-27T03:49:40.000Z","Elliot Executive","0055w00000D4KBrAAN","Michelle Stanley","Michelle Stanley","Michelle Stanley/John Chen/Elliot Executive/Sam Ennis","Elliot Executive","John Chen","Referral","00E5w000004erLwEAI","DCI HOLDINGS","true","Low","true","RVP Central","IL",,"2018-05-30T07:00:00.000Z","Central Sales","DCI HOLDINGS 182","00E5w000004erLxEAI","2019_08","RVPCentral","00E5w000004erLvEAI","https://samennis-20200526-demo--c.documentforce.com/profilephoto/7295w000000W2nZ/T","Shipping","Corporate","mstanley1590550477825@demo.user","DCI HOLDINGS","Michelle Stanley","CentralSales",,0,9883000,173,0
"0015w00002DFNsbAAH","00E5w000004erLzEAI/00E5w000004erM0EAI/00E5w000004erLvEAI","0065w000022R2T5AAK","GENCO Distribution System","https://samennis-20200526-demo--c.documentforce.com/profilephoto/7295w000000W2nF/F","Mary Powers",,"2020-05-27T03:54:04.000Z","Andrew Martin","0055w00000D4KBeAAN","Mary Powers","Mary Powers","Mary Powers/Andrew Martin/Elliot Executive/Sam Ennis","Andrew Martin","Andrew Martin","Social Media","00E5w000004erLyEAI","GENCO Distribution System","true","Low","true","RVP West","AZ",,"2019-11-08T08:00:00.000Z","West Sales","GENCO Distribution System 1","00E5w000004erLzEAI","2019_08","RVPWest","00E5w000004erLvEAI","https://samennis-20200526-demo--c.documentforce.com/profilephoto/7295w000000W2nF/T","Energy","Corporate","mpowers1590550477739@demo.user","GENCO Distribution System","Mary Powers","WestSales",,0,8919000,164,0
"0015w00002DFNTJAA5","00E5w000004erLxEAI/00E5w000004erM0EAI/00E5w000004erLvEAI","0065w000022R1wGAAS","MeadWestvaco","https://samennis-20200526-demo--c.documentforce.com/profilephoto/7295w000000W2ne/F","Robin Montgomery",,"2020-05-27T03:50:14.000Z","Elliot Executive","0055w00000D4KBnAAN","Robin Montgomery","Robin Montgomery","Robin Montgomery/John Chen/Elliot Executive/Sam Ennis","Elliot Executive","John Chen","Social Media","00E5w000004erLwEAI","MeadWestvaco","true","Low","true","RVP Central","MO",,"2020-03-02T08:00:00.000Z","Central Sales","MeadWestvaco 127","00E5w000004erLxEAI","2019_08","RVPCentral","00E5w000004erLvEAI","https://samennis-20200526-demo--c.documentforce.com/profilephoto/7295w000000W2ne/T","Other","Corporate","rmontgom1590550477800@demo.user","MeadWestvaco","Robin Montgomery","CentralSales",,0,2923000,174,0
"0015w00002DFNfVAAX","00E5w000004erM7EAI/00E5w000004erM0EAI/00E5w000004erLvEAI","0065w000022R2BnAAK","IBM Software / Tivoli / Micromuse","https://samennis-20200526-demo--c.documentforce.com/profilephoto/7295w000000W2mg/F","Kaitlyn Guerrero",,"2020-05-27T03:52:11.000Z","Edwin Tucker","0055w00000D4KBkAAN","Kaitlyn Guerrero","Kaitlyn Guerrero","Kaitlyn Guerrero/Edwin Tucker/Elliot Executive/Sam Ennis","Edwin Tucker","Edwin Tucker","Partner","00E5w000004erM5EAI","IBM Software / Tivoli / Micromuse","true","High","true","RVP East","VA",,"2020-02-07T08:00:00.000Z","East Sales","IBM Software / Tivoli / Micromuse 22","00E5w000004erM7EAI","2019_08","RVPEast","00E5w000004erLvEAI","https://samennis-20200526-demo--c.documentforce.com/profilephoto/7295w000000W2mg/T","Hospitality","Corporate","kguerrer1590550477782@demo.user","IBM Software / Tivoli / Micromuse","Kaitlyn Guerrero","EastSales",,322,9650000,8,322
"0015w00002DFNLUAA5","00E5w000004erLxEAI/00E5w000004erM0EAI/00E5w000004erLvEAI","0065w000022R1lOAAS","Arbitration Solutions","https://samennis-20200526-demo--c.documentforce.com/profilephoto/7295w000000W2nU/F","Rebecca Gonzalez",,"2020-05-27T03:49:40.000Z","Elliot Executive","0055w00000D4KBtAAN","Rebecca Gonzalez","Rebecca Gonzalez","Rebecca Gonzalez/John Chen/Elliot Executive/Sam Ennis","Elliot Executive","John Chen","Data.com","00E5w000004erLwEAI","Arbitration Solutions","true","Medium","true","RVP Central","MO",,"2019-08-20T07:00:00.000Z","Central Sales","Arbitration Solutions 38","00E5w000004erLxEAI","2019_09","RVPCentral","00E5w000004erLvEAI","https://samennis-20200526-demo--c.documentforce.com/profilephoto/7295w000000W2nU/T","Retail","Corporate","rgonzale1590550477838@demo.user","Arbitration Solutions","Rebecca Gonzalez","CentralSales",,81.9298,3532000,112,82
"0015w00002DFNYRAA5","00E5w000004erLzEAI/00E5w000004erM0EAI/00E5w000004erLvEAI","0065w000022R237AAC","lionheart medical","https://samennis-20200526-demo--c.documentforce.com/profilephoto/7295w000000W2mR/F","Brandy Mullins",,"2020-05-27T03:51:40.000Z","Andrew Martin","0055w00000D4KBgAAN","Brandy Mullins","Brandy Mullins","Brandy Mullins/Andrew Martin/Elliot Executive/Sam Ennis","Andrew Martin","Andrew Martin","Data.com","00E5w000004erLyEAI","lionheart medical","true","Medium","true","RVP West","OR",,"2019-10-08T07:00:00.000Z","West Sales","lionheart medical 107","00E5w000004erLzEAI","2019_09","RVPWest","00E5w000004erLvEAI","https://samennis-20200526-demo--c.documentforce.com/profilephoto/7295w000000W2mR/T","Utilities","Corporate","bmullins1590550477755@demo.user","lionheart medical","Brandy Mullins","WestSales",,95.5058,5845000,15,96
"0015w00002DFNM0AAP","00E5w000004erLzEAI/00E5w000004erM0EAI/00E5w000004erLvEAI","0065w000022R1m3AAC","adeptive.com","https://samennis-20200526-demo--c.documentforce.com/profilephoto/7295w000000W2nF/F","Mary Powers",,"2020-05-27T03:49:40.000Z","Andrew Martin","0055w00000D4KBeAAN","Mary Powers","Mary Powers","Mary Powers/Andrew Martin/Elliot Executive/Sam Ennis","Andrew Martin","Andrew Martin","Community","00E5w000004erLyEAI","adeptive.com","true","Low","true","RVP West","WA",,"2018-08-03T07:00:00.000Z","West Sales","adeptive.com 123","00E5w000004erLzEAI","2019_09","RVPWest","00E5w000004erLvEAI","https://samennis-20200526-demo--c.documentforce.com/profilephoto/7295w000000W2nF/T","Shipping","Corporate","mpowers1590550477739@demo.user","adeptive.com","Mary Powers","WestSales",,3.4,9093000,176,3
"0015w00002DFNyzAAH","00E5w000004erLxEAI/00E5w000004erM0EAI/00E5w000004erLvEAI","0065w000022R2bpAAC","CompuHelp Internet Access, Inc","https://samennis-20200526-demo--c.documentforce.com/profilephoto/7295w000000W2nU/F","Rebecca Gonzalez",,"2020-05-27T03:54:24.000Z","Elliot Executive","0055w00000D4KBtAAN","Rebecca Gonzalez","Rebecca Gonzalez","Rebecca Gonzalez/John Chen/Elliot Executive/Sam Ennis","Elliot Executive","John Chen","Cold Call","00E5w000004erLwEAI","CompuHelp Internet Access, Inc","true","Low","true","RVP Central","NY",,"2018-08-21T07:00:00.000Z","Central Sales","CompuHelp Internet Access, Inc 190","00E5w000004erLxEAI","2019_09","RVPCentral","00E5w000004erLvEAI","https://samennis-20200526-demo--c.documentforce.com/profilephoto/7295w000000W2nU/T","Food & Beverage","Corporate","rgonzale1590550477838@demo.user","CompuHelp Internet Access, Inc","Rebecca Gonzalez","CentralSales",,0,4686000,69933,0
"0015w00002DFNJEAA5","00E5w000004erLzEAI/00E5w000004erM0EAI/00E5w000004erLvEAI","0065w000022R1iCAAS","WCOIL   Ltd","https://samennis-20200526-demo--c.documentforce.com/profilephoto/7295w000000W2nK/F","Amanda Hernandez",,"2020-05-27T03:49:30.000Z","Amanda Hernandez","0055w00000D4KBfAAN","Amanda Hernandez","Amanda Hernandez","Amanda Hernandez/Andrew Martin/Elliot Executive/Sam Ennis","Amanda Hernandez","Andrew Martin","Inbound Call","00E5w000004erLyEAI","WCOIL   Ltd","true","Medium","true","RVP West","WA",,"2020-01-31T08:00:00.000Z","West Sales","WCOIL   Ltd 148","00E5w000004erLzEAI","2019_11","RVPWest","00E5w000004erLvEAI","https://samennis-20200526-demo--c.documentforce.com/profilephoto/7295w000000W2nK/T","Chemicals","Corporate","ahernand1590550477747@demo.user","WCOIL   Ltd","Amanda Hernandez","WestSales",,77.3905,2181000,159,77
"0015w00002DFNWGAA5","00E5w000004erLxEAI/00E5w000004erM0EAI/00E5w000004erLvEAI","0065w000022R208AAC","Celebrate As One","https://samennis-20200526-demo--c.documentforce.com/profilephoto/7295w000000W2nU/F","Rebecca Gonzalez",,"2020-05-27T03:51:31.000Z","Elliot Executive","0055w00000D4KBtAAN","Rebecca Gonzalez","Rebecca Gonzalez","Rebecca Gonzalez/John Chen/Elliot Executive/Sam Ennis","Elliot Executive","John Chen","Inbound Call","00E5w000004erLwEAI","Celebrate As One","true","Low","true","RVP Central","OH",,"2019-01-04T08:00:00.000Z","Central Sales","Celebrate As One 181","00E5w000004erLxEAI","2019_11","RVPCentral","00E5w000004erLvEAI","https://samennis-20200526-demo--c.documentforce.com/profilephoto/7295w000000W2nU/T","Energy","Corporate","rgonzale1590550477838@demo.user","Celebrate As One","Rebecca Gonzalez","CentralSales",,4.8866,5907000,182,5
"0015w00002DFNyEAAX","00E5w000004erLzEAI/00E5w000004erM0EAI/00E5w000004erLvEAI","0065w000022R2asAAC","Intersolutions Inc","https://samennis-20200526-demo--c.documentforce.com/profilephoto/7295w000000W2mR/F","Brandy Mullins",,"2020-05-27T03:54:24.000Z","Andrew Martin","0055w00000D4KBgAAN","Brandy Mullins","Brandy Mullins","Brandy Mullins/Andrew Martin/Elliot Executive/Sam Ennis","Andrew Martin","Andrew Martin","Data.com","00E5w000004erLyEAI","Intersolutions Inc","true","Low","true","RVP West","AK",,"2019-04-07T07:00:00.000Z","West Sales","Intersolutions Inc 40","00E5w000004erLzEAI","2019_11","RVPWest","00E5w000004erLvEAI","https://samennis-20200526-demo--c.documentforce.com/profilephoto/7295w000000W2mR/T","Government","Corporate","bmullins1590550477755@demo.user","Intersolutions Inc","Brandy Mullins","WestSales",,7.0875,9099000,41702,7
"0015w00002DFOCaAAP","00E5w000004erLxEAI/00E5w000004erM0EAI/00E5w000004erLvEAI","0065w000022R2sqAAC","IMTS Silicon Motor Speedway","https://samennis-20200526-demo--c.documentforce.com/profilephoto/7295w000000W2nZ/F","Michelle Stanley",,"2020-05-27T03:56:17.000Z","Elliot Executive","0055w00000D4KBrAAN","Michelle Stanley","Michelle Stanley","Michelle Stanley/John Chen/Elliot Executive/Sam Ennis","Elliot Executive","John Chen","Social Media","00E5w000004erLwEAI","IMTS Silicon Motor Speedway","true","Low","true","RVP Central","MN",,"2018-05-29T07:00:00.000Z","Central Sales","IMTS Silicon Motor Speedway 191","00E5w000004erLxEAI","2019_11","RVPCentral","00E5w000004erLvEAI","https://samennis-20200526-demo--c.documentforce.com/profilephoto/7295w000000W2nZ/T","Banking","T100","mstanley1590550477825@demo.user","IMTS Silicon Motor Speedway","Michelle Stanley","CentralSales",,4.7458,3215159000,15614,5
"0015w00002DFNlMAAX","00E5w000004erLxEAI/00E5w000004erM0EAI/00E5w000004erLvEAI","0065w000022R2JWAA0","NYSE Governance Services","https://samennis-20200526-demo--c.documentforce.com/profilephoto/7295w000000W2mb/F","Theresa Jones",,"2020-05-27T03:52:30.000Z","Elliot Executive","0055w00000D4KBoAAN","Theresa Jones","Theresa Jones","Theresa Jones/John Chen/Elliot Executive/Sam Ennis","Elliot Executive","John Chen","Website","00E5w000004erLwEAI","NYSE Governance Services","true","Medium","true","RVP Central","AR",,"2018-12-15T08:00:00.000Z","Central Sales","NYSE Governance Services 170","00E5w000004erLxEAI","2019_11","RVPCentral","00E5w000004erLvEAI","https://samennis-20200526-demo--c.documentforce.com/profilephoto/7295w000000W2mb/T","Insurance","Corporate","tjones1590550477806@demo.user","NYSE Governance Services","Theresa Jones","CentralSales",,93.0353,7299000,62,93
"0015w00002DFNCwAAP","00E5w000004erLzEAI/00E5w000004erM0EAI/00E5w000004erLvEAI","0065w000022R1ZTAA0","Cipient Networks Inc","https://samennis-20200526-demo--c.documentforce.com/profilephoto/7295w000000W2nF/F","Mary Powers",,"2020-05-27T03:49:09.000Z","Andrew Martin","0055w00000D4KBeAAN","Mary Powers","Mary Powers","Mary Powers/Andrew Martin/Elliot Executive/Sam Ennis","Andrew Martin","Andrew Martin","Partner","00E5w000004erLyEAI","Cipient Networks Inc","true","High","true","RVP West","WA",,"2019-08-14T07:00:00.000Z","West Sales","Cipient Networks Inc 16","00E5w000004erLzEAI","2019_11","RVPWest","00E5w000004erLvEAI","https://samennis-20200526-demo--c.documentforce.com/profilephoto/7295w000000W2nF/T","Engineering","Corporate","mpowers1590550477739@demo.user","Cipient Networks Inc","Mary Powers","WestSales",,134.8261,7269000,245,135
"0015w00002DFNEmAAP","00E5w000004erLzEAI/00E5w000004erM0EAI/00E5w000004erLvEAI","0065w000022R1c5AAC","Micromenders","https://samennis-20200526-demo--c.documentforce.com/profilephoto/7295w000000W2mR/F","Brandy Mullins",,"2020-05-27T03:49:09.000Z","Andrew Martin","0055w00000D4KBgAAN","Brandy Mullins","Brandy Mullins","Brandy Mullins/Andrew Martin/Elliot Executive/Sam Ennis","Andrew Martin","Andrew Martin","Data.com","00E5w000004erLyEAI","Micromenders","true","Low","true","RVP West","HI",,"2018-10-11T07:00:00.000Z","West Sales","Micromenders 246","00E5w000004erLzEAI","2019_11","RVPWest","00E5w000004erLvEAI","https://samennis-20200526-demo--c.documentforce.com/profilephoto/7295w000000W2mR/T","Consulting","Corporate","bmullins1590550477755@demo.user","Micromenders","Brandy Mullins","WestSales",,38.1107,9929000,52,38
"0015w00002DFNKRAA5","00E5w000004erLxEAI/00E5w000004erM0EAI/00E5w000004erLvEAI","0065w000022R1jvAAC","DCI HOLDINGS","https://samennis-20200526-demo--c.documentforce.com/profilephoto/7295w000000W2nZ/F","Michelle Stanley",,"2020-05-27T03:49:40.000Z","Elliot Executive","0055w00000D4KBrAAN","Michelle Stanley","Michelle Stanley","Michelle Stanley/John Chen/Elliot Executive/Sam Ennis","Elliot Executive","John Chen","Referral","00E5w000004erLwEAI","DCI HOLDINGS","true","Low","true","RVP Central","IL",,"2018-05-30T07:00:00.000Z","Central Sales","DCI HOLDINGS 182","00E5w000004erLxEAI","2019_11","RVPCentral","00E5w000004erLvEAI","https://samennis-20200526-demo--c.documentforce.com/profilephoto/7295w000000W2nZ/T","Shipping","Corporate","mstanley1590550477825@demo.user","DCI HOLDINGS","Michelle Stanley","CentralSales",,0,9883000,173,0
"0015w00002DFNGIAA5","00E5w000004erLzEAI/00E5w000004erM0EAI/00E5w000004erLvEAI","0065w000022R1eCAAS","Transoft Networks","https://samennis-20200526-demo--c.documentforce.com/profilephoto/7295w000000W2nP/F","Heather Greer",,"2020-05-27T03:49:21.000Z","Andrew Martin","0055w00000D4KBpAAN","Heather Greer","Heather Greer","Heather Greer/Andrew Martin/Elliot Executive/Sam Ennis","Andrew Martin","Andrew Martin","Data.com","00E5w000004erLyEAI","Transoft Networks","true","Low","true","RVP West","WA",,"2020-03-02T08:00:00.000Z","West Sales","Transoft Networks 24","00E5w000004erLzEAI","2019_11","RVPWest","00E5w000004erLvEAI","https://samennis-20200526-demo--c.documentforce.com/profilephoto/7295w000000W2nP/T","Banking","Corporate","hgreer1590550477812@demo.user","Transoft Networks","Heather Greer","WestSales",,0.6825,4868000,203,1
"0015w00002DFOANAA5","00E5w000004erLzEAI/00E5w000004erM0EAI/00E5w000004erLvEAI","0065w000022R2pzAAC","First Fleet Corp","https://samennis-20200526-demo--c.documentforce.com/profilephoto/7295w000000W2nK/F","Amanda Hernandez",,"2020-05-27T03:56:04.000Z","Amanda Hernandez","0055w00000D4KBfAAN","Amanda Hernandez","Amanda Hernandez","Amanda Hernandez/Andrew Martin/Elliot Executive/Sam Ennis","Amanda Hernandez","Andrew Martin","Inbound Call","00E5w000004erLyEAI","First Fleet Corp","true","Low","true","RVP West","CA",,"2018-11-15T08:00:00.000Z","West Sales","First Fleet Corp 25","00E5w000004erLzEAI","2019_11","RVPWest","00E5w000004erLvEAI","https://samennis-20200526-demo--c.documentforce.com/profilephoto/7295w000000W2nK/T","Entertainment","T100","ahernand1590550477747@demo.user","First Fleet Corp","Amanda Hernandez","WestSales",,10.22,4842897000,1,10
"0015w00002DFNTaAAP","00E5w000004erLxEAI/00E5w000004erM0EAI/00E5w000004erLvEAI","0065w000022R1wfAAC","ICC Industries","https://samennis-20200526-demo--c.documentforce.com/profilephoto/7295w000000W2nU/F","Rebecca Gonzalez",,"2020-05-27T03:50:14.000Z","Elliot Executive","0055w00000D4KBtAAN","Rebecca Gonzalez","Rebecca Gonzalez","Rebecca Gonzalez/John Chen/Elliot Executive/Sam Ennis","Elliot Executive","John Chen","Inbound Call","00E5w000004erLwEAI","ICC Industries","true","Low","true","RVP Central","IL",,"2020-01-06T08:00:00.000Z","Central Sales","ICC Industries 171","00E5w000004erLxEAI","2019_11","RVPCentral","00E5w000004erLvEAI","https://samennis-20200526-demo--c.documentforce.com/profilephoto/7295w000000W2nU/T","Communications","Corporate","rgonzale1590550477838@demo.user","ICC Industries","Rebecca Gonzalez","CentralSales",,0,9486000,109,0
"0015w00002DFOCYAA5","00E5w000004erLzEAI/00E5w000004erM0EAI/00E5w000004erLvEAI","0065w000022R2slAAC","Paracelsus Healthcare","https://samennis-20200526-demo--c.documentforce.com/profilephoto/7295w000000W2nK/F","Amanda Hernandez",,"2020-05-27T03:56:17.000Z","Amanda Hernandez","0055w00000D4KBfAAN","Amanda Hernandez","Amanda Hernandez","Amanda Hernandez/Andrew Martin/Elliot Executive/Sam Ennis","Amanda Hernandez","Andrew Martin","Referral","00E5w000004erLyEAI","Paracelsus Healthcare","true","Low","true","RVP West","AK",,"2018-08-02T07:00:00.000Z","West Sales","Paracelsus Healthcare 125","00E5w000004erLzEAI","2019_12","RVPWest","00E5w000004erLvEAI","https://samennis-20200526-demo--c.documentforce.com/profilephoto/7295w000000W2nK/T","Energy","T100","ahernand1590550477747@demo.user","Paracelsus Healthcare","Amanda Hernandez","WestSales",,0,5193082000,9525,0
"0015w00002DFNEmAAP","00E5w000004erLzEAI/00E5w000004erM0EAI/00E5w000004erLvEAI","0065w000022R1c5AAC","Micromenders","https://samennis-20200526-demo--c.documentforce.com/profilephoto/7295w000000W2mR/F","Brandy Mullins",,"2020-05-27T03:49:09.000Z","Andrew Martin","0055w00000D4KBgAAN","Brandy Mullins","Brandy Mullins","Brandy Mullins/Andrew Martin/Elliot Executive/Sam Ennis","Andrew Martin","Andrew Martin","Data.com","00E5w000004erLyEAI","Micromenders","true","Medium","true","RVP West","HI",,"2018-10-11T07:00:00.000Z","West Sales","Micromenders 246","00E5w000004erLzEAI","2019_12","RVPWest","00E5w000004erLvEAI","https://samennis-20200526-demo--c.documentforce.com/profilephoto/7295w000000W2mR/T","Consulting","Corporate","bmullins1590550477755@demo.user","Micromenders","Brandy Mullins","WestSales",,53.9385,9929000,52,54
"0015w00002DFNyEAAX","00E5w000004erLzEAI/00E5w000004erM0EAI/00E5w000004erLvEAI","0065w000022R2asAAC","Intersolutions Inc","https://samennis-20200526-demo--c.documentforce.com/profilephoto/7295w000000W2mR/F","Brandy Mullins",,"2020-05-27T03:54:24.000Z","Andrew Martin","0055w00000D4KBgAAN","Brandy Mullins","Brandy Mullins","Brandy Mullins/Andrew Martin/Elliot Executive/Sam Ennis","Andrew Martin","Andrew Martin","Data.com","00E5w000004erLyEAI","Intersolutions Inc","true","Low","true","RVP West","AK",,"2019-04-07T07:00:00.000Z","West Sales","Intersolutions Inc 40","00E5w000004erLzEAI","2019_12","RVPWest","00E5w000004erLvEAI","https://samennis-20200526-demo--c.documentforce.com/profilephoto/7295w000000W2mR/T","Government","Corporate","bmullins1590550477755@demo.user","Intersolutions Inc","Brandy Mullins","WestSales",,6.7116,9099000,41702,7
"0015w00002DFNI4AAP","00E5w000004erLzEAI/00E5w000004erM0EAI/00E5w000004erLvEAI","0065w000022R1gbAAC","Toledo Medical Imaging","https://samennis-20200526-demo--c.documentforce.com/profilephoto/7295w000000W2nF/F","Mary Powers",,"2020-05-27T03:49:30.000Z","Andrew Martin","0055w00000D4KBeAAN","Mary Powers","Mary Powers","Mary Powers/Andrew Martin/Elliot Executive/Sam Ennis","Andrew Martin","Andrew Martin","Referral","00E5w000004erLyEAI","Toledo Medical Imaging","true","Low","true","RVP West","AK",,"2019-05-11T07:00:00.000Z","West Sales","Toledo Medical Imaging 133","00E5w000004erLzEAI","2019_12","RVPWest","00E5w000004erLvEAI","https://samennis-20200526-demo--c.documentforce.com/profilephoto/7295w000000W2nF/T","Consulting","Corporate","mpowers1590550477739@demo.user","Toledo Medical Imaging","Mary Powers","WestSales",,36.0595,4289000,124,36
"0015w00002DFNiYAAX","00E5w000004erM7EAI/00E5w000004erM0EAI/00E5w000004erLvEAI","0065w000022R2FgAAK","Ican Software","https://samennis-20200526-demo--c.documentforce.com/profilephoto/7295w000000W2n5/F","Steven Mathis",,"2020-05-27T03:52:21.000Z","Edwin Tucker","0055w00000D4KBlAAN","Steven Mathis","Steven Mathis","Steven Mathis/Edwin Tucker/Elliot Executive/Sam Ennis","Edwin Tucker","Edwin Tucker","Referral","00E5w000004erM5EAI","Ican Software","true","Low","true","RVP East","NH",,"2019-03-05T08:00:00.000Z","East Sales","Ican Software 36","00E5w000004erM7EAI","2019_12","RVPEast","00E5w000004erLvEAI","https://samennis-20200526-demo--c.documentforce.com/profilephoto/7295w000000W2n5/T","Machinery","Corporate","smathis1590550477787@demo.user","Ican Software","Steven Mathis","EastSales",,0,7615000,148,0
"0015w00002DFO9uAAH","00E5w000004erLxEAI/00E5w000004erM0EAI/00E5w000004erLvEAI","0065w000022R2pOAAS","Johns-Byrne Company","https://samennis-20200526-demo--c.documentforce.com/profilephoto/7295w000000W2mW/F","Crystal Stevens",,"2020-05-27T03:56:04.000Z","Crystal Stevens","0055w00000D4KBsAAN","Crystal Stevens","Crystal Stevens","Crystal Stevens/John Chen/Elliot Executive/Sam Ennis","Crystal Stevens","John Chen","Partner","00E5w000004erLwEAI","Johns-Byrne Company","true","Low","true","RVP Central","NJ",,"2019-03-04T08:00:00.000Z","Central Sales","Johns-Byrne Company 20","00E5w000004erLxEAI","2019_12","RVPCentral","00E5w000004erLvEAI","https://samennis-20200526-demo--c.documentforce.com/profilephoto/7295w000000W2mW/T","Healthcare & Life Sciences","Enterprise","cstevens1590550477831@demo.user","Johns-Byrne Company","Crystal Stevens","CentralSales",,0,1692396000,90653,0
"0015w00002DFNLUAA5","00E5w000004erLxEAI/00E5w000004erM0EAI/00E5w000004erLvEAI","0065w000022R1lOAAS","Arbitration Solutions","https://samennis-20200526-demo--c.documentforce.com/profilephoto/7295w000000W2nU/F","Rebecca Gonzalez",,"2020-05-27T03:49:40.000Z","Elliot Executive","0055w00000D4KBtAAN","Rebecca Gonzalez","Rebecca Gonzalez","Rebecca Gonzalez/John Chen/Elliot Executive/Sam Ennis","Elliot Executive","John Chen","Data.com","00E5w000004erLwEAI","Arbitration Solutions","true","Medium","true","RVP Central","MO",,"2019-08-20T07:00:00.000Z","Central Sales","Arbitration Solutions 38","00E5w000004erLxEAI","2019_12","RVPCentral","00E5w000004erLvEAI","https://samennis-20200526-demo--c.documentforce.com/profilephoto/7295w000000W2nU/T","Retail","Corporate","rgonzale1590550477838@demo.user","Arbitration Solutions","Rebecca Gonzalez","CentralSales",,77.9505,3532000,112,78
"0015w00002DFOD8AAP","00E5w000004erLxEAI/00E5w000004erM0EAI/00E5w000004erLvEAI","0065w000022R2tWAAS","Navagate","https://samennis-20200526-demo--c.documentforce.com/profilephoto/7295w000000W2nZ/F","Michelle Stanley",,"2020-05-27T03:56:17.000Z","Elliot Executive","0055w00000D4KBrAAN","Michelle Stanley","Michelle Stanley","Michelle Stanley/John Chen/Elliot Executive/Sam Ennis","Elliot Executive","John Chen","Cold Call","00E5w000004erLwEAI","Navagate","true","Medium","true","RVP Central","NE",,"2019-12-29T08:00:00.000Z","Central Sales","Navagate 245","00E5w000004erLxEAI","2019_12","RVPCentral","00E5w000004erLvEAI","https://samennis-20200526-demo--c.documentforce.com/profilephoto/7295w000000W2nZ/T","Education","T100","mstanley1590550477825@demo.user","Navagate","Michelle Stanley","CentralSales",,56,4569487000,104162,56
"0015w00002DFNjeAAH","00E5w000004erLxEAI/00E5w000004erM0EAI/00E5w000004erLvEAI","0065w000022R2H9AAK","Intelsat Corporation","https://samennis-20200526-demo--c.documentforce.com/profilephoto/7295w000000W2nZ/F","Michelle Stanley",,"2020-05-27T03:52:30.000Z","Elliot Executive","0055w00000D4KBrAAN","Michelle Stanley","Michelle Stanley","Michelle Stanley/John Chen/Elliot Executive/Sam Ennis","Elliot Executive","John Chen","Marketing Event","00E5w000004erLwEAI","Intelsat Corporation","true","High","true","RVP Central","LA",,"2019-05-26T07:00:00.000Z","Central Sales","Intelsat Corporation 11","00E5w000004erLxEAI","2020_01","RVPCentral","00E5w000004erLvEAI","https://samennis-20200526-demo--c.documentforce.com/profilephoto/7295w000000W2nZ/T","Education","Corporate","mstanley1590550477825@demo.user","Intelsat Corporation","Michelle Stanley","CentralSales",,196.3023,8056000,178,196
"0015w00002DFNQ2AAP","00E5w000004erLzEAI/00E5w000004erM0EAI/00E5w000004erLvEAI","0065w000022R1s1AAC","SunTrust Banks","https://samennis-20200526-demo--c.documentforce.com/profilephoto/7295w000000W2nK/F","Amanda Hernandez",,"2020-05-27T03:49:58.000Z","Amanda Hernandez","0055w00000D4KBfAAN","Amanda Hernandez","Amanda Hernandez","Amanda Hernandez/Andrew Martin/Elliot Executive/Sam Ennis","Amanda Hernandez","Andrew Martin","Social Media","00E5w000004erLyEAI","SunTrust Banks","true","Low","true","RVP West","CO",,"2018-08-14T07:00:00.000Z","West Sales","SunTrust Banks 33","00E5w000004erLzEAI","2020_01","RVPWest","00E5w000004erLvEAI","https://samennis-20200526-demo--c.documentforce.com/profilephoto/7295w000000W2nK/T","Manufacturing","Corporate","ahernand1590550477747@demo.user","SunTrust Banks","Amanda Hernandez","WestSales",,7,6586000,135,7
"0015w00002DFNWGAA5","00E5w000004erLxEAI/00E5w000004erM0EAI/00E5w000004erLvEAI","0065w000022R208AAC","Celebrate As One","https://samennis-20200526-demo--c.documentforce.com/profilephoto/7295w000000W2nU/F","Rebecca Gonzalez",,"2020-05-27T03:51:31.000Z","Elliot Executive","0055w00000D4KBtAAN","Rebecca Gonzalez","Rebecca Gonzalez","Rebecca Gonzalez/John Chen/Elliot Executive/Sam Ennis","Elliot Executive","John Chen","Inbound Call","00E5w000004erLwEAI","Celebrate As One","true","Low","true","RVP Central","OH",,"2019-01-04T08:00:00.000Z","Central Sales","Celebrate As One 181","00E5w000004erLxEAI","2020_01","RVPCentral","00E5w000004erLvEAI","https://samennis-20200526-demo--c.documentforce.com/profilephoto/7295w000000W2nU/T","Energy","Corporate","rgonzale1590550477838@demo.user","Celebrate As One","Rebecca Gonzalez","CentralSales",,7.616,5907000,182,8
"0015w00002DFNTpAAP","00E5w000004erLxEAI/00E5w000004erM0EAI/00E5w000004erLvEAI","0065w000022R1wwAAC","Pimo.net","https://samennis-20200526-demo--c.documentforce.com/profilephoto/7295w000000W2mW/F","Crystal Stevens",,"2020-05-27T03:50:14.000Z","Crystal Stevens","0055w00000D4KBsAAN","Crystal Stevens","Crystal Stevens","Crystal Stevens/John Chen/Elliot Executive/Sam Ennis","Crystal Stevens","John Chen","Inbound Call","00E5w000004erLwEAI","Pimo.net","true","Low","true","RVP Central","WI",,"2018-06-17T07:00:00.000Z","Central Sales","Pimo.net 156","00E5w000004erLxEAI","2020_01","RVPCentral","00E5w000004erLvEAI","https://samennis-20200526-demo--c.documentforce.com/profilephoto/7295w000000W2mW/T","Entertainment","Corporate","cstevens1590550477831@demo.user","Pimo.net","Crystal Stevens","CentralSales",,18.6051,4196000,210,19
"0015w00002DFO9uAAH","00E5w000004erLxEAI/00E5w000004erM0EAI/00E5w000004erLvEAI","0065w000022R2pOAAS","Johns-Byrne Company","https://samennis-20200526-demo--c.documentforce.com/profilephoto/7295w000000W2mW/F","Crystal Stevens",,"2020-05-27T03:56:04.000Z","Crystal Stevens","0055w00000D4KBsAAN","Crystal Stevens","Crystal Stevens","Crystal Stevens/John Chen/Elliot Executive/Sam Ennis","Crystal Stevens","John Chen","Partner","00E5w000004erLwEAI","Johns-Byrne Company","true","Low","true","RVP Central","NJ",,"2019-03-04T08:00:00.000Z","Central Sales","Johns-Byrne Company 20","00E5w000004erLxEAI","2020_01","RVPCentral","00E5w000004erLvEAI","https://samennis-20200526-demo--c.documentforce.com/profilephoto/7295w000000W2mW/T","Healthcare & Life Sciences","Enterprise","cstevens1590550477831@demo.user","Johns-Byrne Company","Crystal Stevens","CentralSales",,0,1692396000,90653,0
"0015w00002DFNDLAA5","00E5w000004erLzEAI/00E5w000004erM0EAI/00E5w000004erLvEAI","0065w000022R1a4AAC","Gas Equipment Company","https://samennis-20200526-demo--c.documentforce.com/profilephoto/7295w000000W2nK/F","Amanda Hernandez",,"2020-05-27T03:49:09.000Z","Amanda Hernandez","0055w00000D4KBfAAN","Amanda Hernandez","Amanda Hernandez","Amanda Hernandez/Andrew Martin/Elliot Executive/Sam Ennis","Amanda Hernandez","Andrew Martin","Social Media","00E5w000004erLyEAI","Gas Equipment Company","true","Low","true","RVP West","WY",,"2018-07-14T07:00:00.000Z","West Sales","Gas Equipment Company 78","00E5w000004erLzEAI","2020_01","RVPWest","00E5w000004erLvEAI","https://samennis-20200526-demo--c.documentforce.com/profilephoto/7295w000000W2nK/T","Electronics","Corporate","ahernand1590550477747@demo.user","Gas Equipment Company","Amanda Hernandez","WestSales",,32.1417,8657000,46,32
"0015w00002DFNnNAAX","00E5w000004erM7EAI/00E5w000004erM0EAI/00E5w000004erLvEAI","0065w000022R2LwAAK","Xerox Corporation - Houston","https://samennis-20200526-demo--c.documentforce.com/profilephoto/7295w000000W2ml/F","Craig Arnold",,"2020-05-27T03:53:44.000Z","Craig Arnold","0055w00000D4KBjAAN","Craig Arnold","Craig Arnold","Craig Arnold/Edwin Tucker/Elliot Executive/Sam Ennis","Craig Arnold","Edwin Tucker","Inbound Call","00E5w000004erM5EAI","Xerox Corporation - Houston","true","High","true","RVP East","CT",,"2018-10-13T07:00:00.000Z","East Sales","Xerox Corporation - Houston 99","00E5w000004erM7EAI","2020_01","RVPEast","00E5w000004erLvEAI","https://samennis-20200526-demo--c.documentforce.com/profilephoto/7295w000000W2ml/T","Entertainment","Corporate","carnold1590550477775@demo.user","Xerox Corporation - Houston","Craig Arnold","EastSales",,139.762,2549000,204,140
"0015w00002DFNYRAA5","00E5w000004erLzEAI/00E5w000004erM0EAI/00E5w000004erLvEAI","0065w000022R237AAC","lionheart medical","https://samennis-20200526-demo--c.documentforce.com/profilephoto/7295w000000W2mR/F","Brandy Mullins",,"2020-05-27T03:51:40.000Z","Andrew Martin","0055w00000D4KBgAAN","Brandy Mullins","Brandy Mullins","Brandy Mullins/Andrew Martin/Elliot Executive/Sam Ennis","Andrew Martin","Andrew Martin","Data.com","00E5w000004erLyEAI","lionheart medical","true","High","true","RVP West","OR",,"2019-10-08T07:00:00.000Z","West Sales","lionheart medical 107","00E5w000004erLzEAI","2020_02","RVPWest","00E5w000004erLvEAI","https://samennis-20200526-demo--c.documentforce.com/profilephoto/7295w000000W2mR/T","Utilities","Corporate","bmullins1590550477755@demo.user","lionheart medical","Brandy Mullins","WestSales",,154.8007,5845000,15,155
"0015w00002DFNjeAAH","00E5w000004erLxEAI/00E5w000004erM0EAI/00E5w000004erLvEAI","0065w000022R2H9AAK","Intelsat Corporation","https://samennis-20200526-demo--c.documentforce.com/profilephoto/7295w000000W2nZ/F","Michelle Stanley",,"2020-05-27T03:52:30.000Z","Elliot Executive","0055w00000D4KBrAAN","Michelle Stanley","Michelle Stanley","Michelle Stanley/John Chen/Elliot Executive/Sam Ennis","Elliot Executive","John Chen","Marketing Event","00E5w000004erLwEAI","Intelsat Corporation","true","High","true","RVP Central","LA",,"2019-05-26T07:00:00.000Z","Central Sales","Intelsat Corporation 11","00E5w000004erLxEAI","2020_02","RVPCentral","00E5w000004erLvEAI","https://samennis-20200526-demo--c.documentforce.com/profilephoto/7295w000000W2nZ/T","Education","Corporate","mstanley1590550477825@demo.user","Intelsat Corporation","Michelle Stanley","CentralSales",,203.3043,8056000,178,203
"0015w00002DFNXLAA5","00E5w000004erLzEAI/00E5w000004erM0EAI/00E5w000004erLvEAI","0065w000022R21cAAC","Airspeak Inc","https://samennis-20200526-demo--c.documentforce.com/profilephoto/7295w000000W2mR/F","Brandy Mullins",,"2020-05-27T03:51:40.000Z","Andrew Martin","0055w00000D4KBgAAN","Brandy Mullins","Brandy Mullins","Brandy Mullins/Andrew Martin/Elliot Executive/Sam Ennis","Andrew Martin","Andrew Martin","Data.com","00E5w000004erLyEAI","Airspeak Inc","true","High","true","RVP West","CA",,"2019-01-03T08:00:00.000Z","West Sales","Airspeak Inc 170","00E5w000004erLzEAI","2020_02","RVPWest","00E5w000004erLvEAI","https://samennis-20200526-demo--c.documentforce.com/profilephoto/7295w000000W2mR/T","Healthcare & Life Sciences","Corporate","bmullins1590550477755@demo.user","Airspeak Inc","Brandy Mullins","WestSales",,482.6744,6788000,144,483
"0015w00002DFNLUAA5","00E5w000004erLxEAI/00E5w000004erM0EAI/00E5w000004erLvEAI","0065w000022R1lOAAS","Arbitration Solutions","https://samennis-20200526-demo--c.documentforce.com/profilephoto/7295w000000W2nU/F","Rebecca Gonzalez",,"2020-05-27T03:49:40.000Z","Elliot Executive","0055w00000D4KBtAAN","Rebecca Gonzalez","Rebecca Gonzalez","Rebecca Gonzalez/John Chen/Elliot Executive/Sam Ennis","Elliot Executive","John Chen","Data.com","00E5w000004erLwEAI","Arbitration Solutions","true","High","true","RVP Central","MO",,"2019-08-20T07:00:00.000Z","Central Sales","Arbitration Solutions 38","00E5w000004erLxEAI","2020_02","RVPCentral","00E5w000004erLvEAI","https://samennis-20200526-demo--c.documentforce.com/profilephoto/7295w000000W2nU/T","Retail","Corporate","rgonzale1590550477838@demo.user","Arbitration Solutions","Rebecca Gonzalez","CentralSales",,109.5905,3532000,112,110
"0015w00002DFOCUAA5","00E5w000004erLzEAI/00E5w000004erM0EAI/00E5w000004erLvEAI","0065w000022R2shAAC","eB2X","https://samennis-20200526-demo--c.documentforce.com/profilephoto/7295w000000W2nF/F","Mary Powers",,"2020-05-27T03:56:17.000Z","Andrew Martin","0055w00000D4KBeAAN","Mary Powers","Mary Powers","Mary Powers/Andrew Martin/Elliot Executive/Sam Ennis","Andrew Martin","Andrew Martin","Social Media","00E5w000004erLyEAI","eB2X","true","High","true","RVP West","NV",,"2020-02-16T08:00:00.000Z","West Sales","eB2X 74","00E5w000004erLzEAI","2020_02","RVPWest","00E5w000004erLvEAI","https://samennis-20200526-demo--c.documentforce.com/profilephoto/7295w000000W2nF/T","Shipping","T100","mpowers1590550477739@demo.user","eB2X","Mary Powers","WestSales",,2224.334,7487020000,19970,2224
"0015w00002DFNdvAAH","00E5w000004erLxEAI/00E5w000004erM0EAI/00E5w000004erLvEAI","0065w000022R29xAAC","eStudio","https://samennis-20200526-demo--c.documentforce.com/profilephoto/7295w000000W2nZ/F","Michelle Stanley",,"2020-05-27T03:52:01.000Z","Elliot Executive","0055w00000D4KBrAAN","Michelle Stanley","Michelle Stanley","Michelle Stanley/John Chen/Elliot Executive/Sam Ennis","Elliot Executive","John Chen","Cold Call","00E5w000004erLwEAI","eStudio","true","Low","true","RVP Central","PA",,"2019-12-29T08:00:00.000Z","Central Sales","eStudio 250","00E5w000004erLxEAI","2020_02","RVPCentral","00E5w000004erLvEAI","https://samennis-20200526-demo--c.documentforce.com/profilephoto/7295w000000W2nZ/T","Other","Corporate","mstanley1590550477825@demo.user","eStudio","Michelle Stanley","CentralSales",,7,5314000,75,7
"0015w00002DFNWGAA5","00E5w000004erLxEAI/00E5w000004erM0EAI/00E5w000004erLvEAI","0065w000022R208AAC","Celebrate As One","https://samennis-20200526-demo--c.documentforce.com/profilephoto/7295w000000W2nU/F","Rebecca Gonzalez",,"2020-05-27T03:51:31.000Z","Elliot Executive","0055w00000D4KBtAAN","Rebecca Gonzalez","Rebecca Gonzalez","Rebecca Gonzalez/John Chen/Elliot Executive/Sam Ennis","Elliot Executive","John Chen","Inbound Call","00E5w000004erLwEAI","Celebrate As One","true","Low","true","RVP Central","OH",,"2019-01-04T08:00:00.000Z","Central Sales","Celebrate As One 181","00E5w000004erLxEAI","2020_03","RVPCentral","00E5w000004erLvEAI","https://samennis-20200526-demo--c.documentforce.com/profilephoto/7295w000000W2nU/T","Energy","Corporate","rgonzale1590550477838@demo.user","Celebrate As One","Rebecca Gonzalez","CentralSales",,5.2983,5907000,182,5
"0015w00002DFOCHAA5","00E5w000004erLzEAI/00E5w000004erM0EAI/00E5w000004erLvEAI","0065w000022R2sNAAS","Unitus Leadership Systems","https://samennis-20200526-demo--c.documentforce.com/profilephoto/7295w000000W2nP/F","Heather Greer",,"2020-05-27T03:56:17.000Z","Andrew Martin","0055w00000D4KBpAAN","Heather Greer","Heather Greer","Heather Greer/Andrew Martin/Elliot Executive/Sam Ennis","Andrew Martin","Andrew Martin","Cold Call","00E5w000004erLyEAI","Unitus Leadership Systems","true","Medium","true","RVP West","MT",,"2018-08-27T07:00:00.000Z","West Sales","Unitus Leadership Systems 61","00E5w000004erLzEAI","2020_03","RVPWest","00E5w000004erLvEAI","https://samennis-20200526-demo--c.documentforce.com/profilephoto/7295w000000W2nP/T","Transportation","T100","hgreer1590550477812@demo.user","Unitus Leadership Systems","Heather Greer","WestSales",,69.4823,4343760000,22732,69
"0015w00002DFNuLAAX","00E5w000004erLxEAI/00E5w000004erM0EAI/00E5w000004erLvEAI","0065w000022R2VTAA0","Georgeshao, Inc","https://samennis-20200526-demo--c.documentforce.com/profilephoto/7295w000000W2nZ/F","Michelle Stanley",,"2020-05-27T03:54:04.000Z","Elliot Executive","0055w00000D4KBrAAN","Michelle Stanley","Michelle Stanley","Michelle Stanley/John Chen/Elliot Executive/Sam Ennis","Elliot Executive","John Chen","Social Media","00E5w000004erLwEAI","Georgeshao, Inc","true","Low","true","RVP Central","NY",,"2019-06-20T07:00:00.000Z","Central Sales","Georgeshao, Inc 249","00E5w000004erLxEAI","2020_03","RVPCentral","00E5w000004erLvEAI","https://samennis-20200526-demo--c.documentforce.com/profilephoto/7295w000000W2nZ/T","Construction","Corporate","mstanley1590550477825@demo.user","Georgeshao, Inc","Michelle Stanley","CentralSales",,0,3709000,242,0
"0015w00002DFNCwAAP","00E5w000004erLzEAI/00E5w000004erM0EAI/00E5w000004erLvEAI","0065w000022R1ZTAA0","Cipient Networks Inc","https://samennis-20200526-demo--c.documentforce.com/profilephoto/7295w000000W2nF/F","Mary Powers",,"2020-05-27T03:49:09.000Z","Andrew Martin","0055w00000D4KBeAAN","Mary Powers","Mary Powers","Mary Powers/Andrew Martin/Elliot Executive/Sam Ennis","Andrew Martin","Andrew Martin","Partner","00E5w000004erLyEAI","Cipient Networks Inc","true","High","true","RVP West","WA",,"2019-08-14T07:00:00.000Z","West Sales","Cipient Networks Inc 16","00E5w000004erLzEAI","2020_03","RVPWest","00E5w000004erLvEAI","https://samennis-20200526-demo--c.documentforce.com/profilephoto/7295w000000W2nF/T","Engineering","Corporate","mpowers1590550477739@demo.user","Cipient Networks Inc","Mary Powers","WestSales",,163.9474,7269000,245,164
"0015w00002DFNXLAA5","00E5w000004erLzEAI/00E5w000004erM0EAI/00E5w000004erLvEAI","0065w000022R21cAAC","Airspeak Inc","https://samennis-20200526-demo--c.documentforce.com/profilephoto/7295w000000W2mR/F","Brandy Mullins",,"2020-05-27T03:51:40.000Z","Andrew Martin","0055w00000D4KBgAAN","Brandy Mullins","Brandy Mullins","Brandy Mullins/Andrew Martin/Elliot Executive/Sam Ennis","Andrew Martin","Andrew Martin","Data.com","00E5w000004erLyEAI","Airspeak Inc","true","High","true","RVP West","CA",,"2019-01-03T08:00:00.000Z","West Sales","Airspeak Inc 170","00E5w000004erLzEAI","2020_03","RVPWest","00E5w000004erLvEAI","https://samennis-20200526-demo--c.documentforce.com/profilephoto/7295w000000W2mR/T","Healthcare & Life Sciences","Corporate","bmullins1590550477755@demo.user","Airspeak Inc","Brandy Mullins","WestSales",,478.1163,6788000,144,478
"0015w00002DFNJBAA5","00E5w000004erLzEAI/00E5w000004erM0EAI/00E5w000004erLvEAI","0065w000022R1i9AAC","CyberTrader","https://samennis-20200526-demo--c.documentforce.com/profilephoto/7295w000000W2nP/F","Heather Greer",,"2020-05-27T03:49:30.000Z","Andrew Martin","0055w00000D4KBpAAN","Heather Greer","Heather Greer","Heather Greer/Andrew Martin/Elliot Executive/Sam Ennis","Andrew Martin","Andrew Martin","Data.com","00E5w000004erLyEAI","CyberTrader","true","Low","true","RVP West","UT",,"2019-03-03T08:00:00.000Z","West Sales","CyberTrader 38","00E5w000004erLzEAI","2020_03","RVPWest","00E5w000004erLvEAI","https://samennis-20200526-demo--c.documentforce.com/profilephoto/7295w000000W2nP/T","Recreation","Corporate","hgreer1590550477812@demo.user","CyberTrader","Heather Greer","WestSales",,20.3,9551000,115,20
"0015w00002DFNiYAAX","00E5w000004erM7EAI/00E5w000004erM0EAI/00E5w000004erLvEAI","0065w000022R2FgAAK","Ican Software","https://samennis-20200526-demo--c.documentforce.com/profilephoto/7295w000000W2n5/F","Steven Mathis",,"2020-05-27T03:52:21.000Z","Edwin Tucker","0055w00000D4KBlAAN","Steven Mathis","Steven Mathis","Steven Mathis/Edwin Tucker/Elliot Executive/Sam Ennis","Edwin Tucker","Edwin Tucker","Referral","00E5w000004erM5EAI","Ican Software","true","Low","true","RVP East","NH",,"2019-03-05T08:00:00.000Z","East Sales","Ican Software 36","00E5w000004erM7EAI","2020_03","RVPEast","00E5w000004erLvEAI","https://samennis-20200526-demo--c.documentforce.com/profilephoto/7295w000000W2n5/T","Machinery","Corporate","smathis1590550477787@demo.user","Ican Software","Steven Mathis","EastSales",,0,7615000,148,0
"0015w00002DFO9uAAH","00E5w000004erLxEAI/00E5w000004erM0EAI/00E5w000004erLvEAI","0065w000022R2pOAAS","Johns-Byrne Company","https://samennis-20200526-demo--c.documentforce.com/profilephoto/7295w000000W2mW/F","Crystal Stevens",,"2020-05-27T03:56:04.000Z","Crystal Stevens","0055w00000D4KBsAAN","Crystal Stevens","Crystal Stevens","Crystal Stevens/John Chen/Elliot Executive/Sam Ennis","Crystal Stevens","John Chen","Partner","00E5w000004erLwEAI","Johns-Byrne Company","true","Low","true","RVP Central","NJ",,"2019-03-04T08:00:00.000Z","Central Sales","Johns-Byrne Company 20","00E5w000004erLxEAI","2020_03","RVPCentral","00E5w000004erLvEAI","https://samennis-20200526-demo--c.documentforce.com/profilephoto/7295w000000W2mW/T","Healthcare & Life Sciences","Enterprise","cstevens1590550477831@demo.user","Johns-Byrne Company","Crystal Stevens","CentralSales",,0,1692396000,90653,0
"0015w00002DFNY1AAP","00E5w000004erLzEAI/00E5w000004erM0EAI/00E5w000004erLvEAI","0065w000022R22ZAAS","BlackBoard Connect","https://samennis-20200526-demo--c.documentforce.com/profilephoto/7295w000000W2nA/F","Kristen Miller",,"2020-05-27T03:51:40.000Z","Andrew Martin","0055w00000D4KBqAAN","Kristen Miller","Kristen Miller","Kristen Miller/Andrew Martin/Elliot Executive/Sam Ennis","Andrew Martin","Andrew Martin","Cold Call","00E5w000004erLyEAI","BlackBoard Connect","true","Low","true","RVP West","NV",,"2019-04-28T07:00:00.000Z","West Sales","BlackBoard Connect 39","00E5w000004erLzEAI","2020_03","RVPWest","00E5w000004erLvEAI","https://samennis-20200526-demo--c.documentforce.com/profilephoto/7295w000000W2nA/T","Manufacturing","Corporate","kmiller1590550477818@demo.user","BlackBoard Connect","Kristen Miller","WestSales",,7,4200000,75,7
"0015w00002DFNtUAAX","00E5w000004erLxEAI/00E5w000004erM0EAI/00E5w000004erLvEAI","0065w000022R2UKAA0","Network Co.","https://samennis-20200526-demo--c.documentforce.com/profilephoto/7295w000000W2nU/F","Rebecca Gonzalez",,"2020-05-27T03:54:04.000Z","Elliot Executive","0055w00000D4KBtAAN","Rebecca Gonzalez","Rebecca Gonzalez","Rebecca Gonzalez/John Chen/Elliot Executive/Sam Ennis","Elliot Executive","John Chen","Inbound Call","00E5w000004erLwEAI","Network Co.","true","Low","true","RVP Central","IA",,"2018-10-21T07:00:00.000Z","Central Sales","Network Co. 198","00E5w000004erLxEAI","2020_03","RVPCentral","00E5w000004erLvEAI","https://samennis-20200526-demo--c.documentforce.com/profilephoto/7295w000000W2nU/T","Financial Services","Corporate","rgonzale1590550477838@demo.user","Network Co.","Rebecca Gonzalez","CentralSales",,21,5457000,236,21
"0015w00002DFO3ZAAX","00E5w000004erLzEAI/00E5w000004erM0EAI/00E5w000004erLvEAI","0065w000022R2h8AAC","Newmarket International","https://samennis-20200526-demo--c.documentforce.com/profilephoto/7295w000000W2nK/F","Amanda Hernandez",,"2020-05-27T03:54:42.000Z","Amanda Hernandez","0055w00000D4KBfAAN","Amanda Hernandez","Amanda Hernandez","Amanda Hernandez/Andrew Martin/Elliot Executive/Sam Ennis","Amanda Hernandez","Andrew Martin","Cold Call","00E5w000004erLyEAI","Newmarket International","true","Low","true","RVP West","MT",,"2020-03-05T08:00:00.000Z","West Sales","Newmarket International 19","00E5w000004erLzEAI","2020_03","RVPWest","00E5w000004erLvEAI","https://samennis-20200526-demo--c.documentforce.com/profilephoto/7295w000000W2nK/T","Entertainment","Mid-Market","ahernand1590550477747@demo.user","Newmarket International","Amanda Hernandez","WestSales",,18.2,393882000,901,18
"0015w00002DFNyzAAH","00E5w000004erLxEAI/00E5w000004erM0EAI/00E5w000004erLvEAI","0065w000022R2bpAAC","CompuHelp Internet Access, Inc","https://samennis-20200526-demo--c.documentforce.com/profilephoto/7295w000000W2nU/F","Rebecca Gonzalez",,"2020-05-27T03:54:24.000Z","Elliot Executive","0055w00000D4KBtAAN","Rebecca Gonzalez","Rebecca Gonzalez","Rebecca Gonzalez/John Chen/Elliot Executive/Sam Ennis","Elliot Executive","John Chen","Cold Call","00E5w000004erLwEAI","CompuHelp Internet Access, Inc","true","Low","true","RVP Central","NY",,"2018-08-21T07:00:00.000Z","Central Sales","CompuHelp Internet Access, Inc 190","00E5w000004erLxEAI","2020_03","RVPCentral","00E5w000004erLvEAI","https://samennis-20200526-demo--c.documentforce.com/profilephoto/7295w000000W2nU/T","Food & Beverage","Corporate","rgonzale1590550477838@demo.user","CompuHelp Internet Access, Inc","Rebecca Gonzalez","CentralSales",,0,4686000,69933,0
"0015w00002DFOD8AAP","00E5w000004erLxEAI/00E5w000004erM0EAI/00E5w000004erLvEAI","0065w000022R2tWAAS","Navagate","https://samennis-20200526-demo--c.documentforce.com/profilephoto/7295w000000W2nZ/F","Michelle Stanley",,"2020-05-27T03:56:17.000Z","Elliot Executive","0055w00000D4KBrAAN","Michelle Stanley","Michelle Stanley","Michelle Stanley/John Chen/Elliot Executive/Sam Ennis","Elliot Executive","John Chen","Cold Call","00E5w000004erLwEAI","Navagate","true","Medium","true","RVP Central","NE",,"2019-12-29T08:00:00.000Z","Central Sales","Navagate 245","00E5w000004erLxEAI","2020_03","RVPCentral","00E5w000004erLvEAI","https://samennis-20200526-demo--c.documentforce.com/profilephoto/7295w000000W2nZ/T","Education","T100","mstanley1590550477825@demo.user","Navagate","Michelle Stanley","CentralSales",,63,4569487000,104162,63
"0015w00002DFNDLAA5","00E5w000004erLzEAI/00E5w000004erM0EAI/00E5w000004erLvEAI","0065w000022R1a4AAC","Gas Equipment Company","https://samennis-20200526-demo--c.documentforce.com/profilephoto/7295w000000W2nK/F","Amanda Hernandez",,"2020-05-27T03:49:09.000Z","Amanda Hernandez","0055w00000D4KBfAAN","Amanda Hernandez","Amanda Hernandez","Amanda Hernandez/Andrew Martin/Elliot Executive/Sam Ennis","Amanda Hernandez","Andrew Martin","Social Media","00E5w000004erLyEAI","Gas Equipment Company","true","Low","true","RVP West","WY",,"2018-07-14T07:00:00.000Z","West Sales","Gas Equipment Company 78","00E5w000004erLzEAI","2020_03","RVPWest","00E5w000004erLvEAI","https://samennis-20200526-demo--c.documentforce.com/profilephoto/7295w000000W2nK/T","Electronics","Corporate","ahernand1590550477747@demo.user","Gas Equipment Company","Amanda Hernandez","WestSales",,31.8228,8657000,46,32
"0015w00002DFNTJAA5","00E5w000004erLxEAI/00E5w000004erM0EAI/00E5w000004erLvEAI","0065w000022R1wGAAS","MeadWestvaco","https://samennis-20200526-demo--c.documentforce.com/profilephoto/7295w000000W2ne/F","Robin Montgomery",,"2020-05-27T03:50:14.000Z","Elliot Executive","0055w00000D4KBnAAN","Robin Montgomery","Robin Montgomery","Robin Montgomery/John Chen/Elliot Executive/Sam Ennis","Elliot Executive","John Chen","Social Media","00E5w000004erLwEAI","MeadWestvaco","true","Low","true","RVP Central","MO",,"2020-03-02T08:00:00.000Z","Central Sales","MeadWestvaco 127","00E5w000004erLxEAI","2020_03","RVPCentral","00E5w000004erLvEAI","https://samennis-20200526-demo--c.documentforce.com/profilephoto/7295w000000W2ne/T","Other","Corporate","rmontgom1590550477800@demo.user","MeadWestvaco","Robin Montgomery","CentralSales",,0,2923000,174,0
"0015w00002DFNWGAA5","00E5w000004erLxEAI/00E5w000004erM0EAI/00E5w000004erLvEAI","0065w000022R208AAC","Celebrate As One","https://samennis-20200526-demo--c.documentforce.com/profilephoto/7295w000000W2nU/F","Rebecca Gonzalez",,"2020-05-27T03:51:31.000Z","Elliot Executive","0055w00000D4KBtAAN","Rebecca Gonzalez","Rebecca Gonzalez","Rebecca Gonzalez/John Chen/Elliot Executive/Sam Ennis","Elliot Executive","John Chen","Inbound Call","00E5w000004erLwEAI","Celebrate As One","true","Low","true","RVP Central","OH",,"2019-01-04T08:00:00.000Z","Central Sales","Celebrate As One 181","00E5w000004erLxEAI","2019_04","RVPCentral","00E5w000004erLvEAI","https://samennis-20200526-demo--c.documentforce.com/profilephoto/7295w000000W2nU/T","Energy","Corporate","rgonzale1590550477838@demo.user","Celebrate As One","Rebecca Gonzalez","CentralSales",,5.6165,5907000,182,6
"0015w00002DFNI4AAP","00E5w000004erLzEAI/00E5w000004erM0EAI/00E5w000004erLvEAI","0065w000022R1gbAAC","Toledo Medical Imaging","https://samennis-20200526-demo--c.documentforce.com/profilephoto/7295w000000W2nF/F","Mary Powers",,"2020-05-27T03:49:30.000Z","Andrew Martin","0055w00000D4KBeAAN","Mary Powers","Mary Powers","Mary Powers/Andrew Martin/Elliot Executive/Sam Ennis","Andrew Martin","Andrew Martin","Referral","00E5w000004erLyEAI","Toledo Medical Imaging","true","Low","true","RVP West","AK",,"2019-05-11T07:00:00.000Z","West Sales","Toledo Medical Imaging 133","00E5w000004erLzEAI","2019_04","RVPWest","00E5w000004erLvEAI","https://samennis-20200526-demo--c.documentforce.com/profilephoto/7295w000000W2nF/T","Consulting","Corporate","mpowers1590550477739@demo.user","Toledo Medical Imaging","Mary Powers","WestSales",,48.8633,4289000,124,49
"0015w00002DFNtUAAX","00E5w000004erLxEAI/00E5w000004erM0EAI/00E5w000004erLvEAI","0065w000022R2UKAA0","Network Co.","https://samennis-20200526-demo--c.documentforce.com/profilephoto/7295w000000W2nU/F","Rebecca Gonzalez",,"2020-05-27T03:54:04.000Z","Elliot Executive","0055w00000D4KBtAAN","Rebecca Gonzalez","Rebecca Gonzalez","Rebecca Gonzalez/John Chen/Elliot Executive/Sam Ennis","Elliot Executive","John Chen","Inbound Call","00E5w000004erLwEAI","Network Co.","true","Low","true","RVP Central","IA",,"2018-10-21T07:00:00.000Z","Central Sales","Network Co. 198","00E5w000004erLxEAI","2019_04","RVPCentral","00E5w000004erLvEAI","https://samennis-20200526-demo--c.documentforce.com/profilephoto/7295w000000W2nU/T","Financial Services","Corporate","rgonzale1590550477838@demo.user","Network Co.","Rebecca Gonzalez","CentralSales",,7,5457000,236,7
"0015w00002DFNV3AAP","00E5w000004erLxEAI/00E5w000004erM0EAI/00E5w000004erLvEAI","0065w000022R1yZAAS","Towers Perrin Forester & Crosby","https://samennis-20200526-demo--c.documentforce.com/profilephoto/7295w000000W2mW/F","Crystal Stevens",,"2020-05-27T03:51:31.000Z","Crystal Stevens","0055w00000D4KBsAAN","Crystal Stevens","Crystal Stevens","Crystal Stevens/John Chen/Elliot Executive/Sam Ennis","Crystal Stevens","John Chen","Partner","00E5w000004erLwEAI","Towers Perrin Forester & Crosby","true","Low","true","RVP Central","NE",,"2019-04-09T07:00:00.000Z","Central Sales","Towers Perrin Forester & Crosby 123","00E5w000004erLxEAI","2019_04","RVPCentral","00E5w000004erLvEAI","https://samennis-20200526-demo--c.documentforce.com/profilephoto/7295w000000W2mW/T","Recreation","Corporate","cstevens1590550477831@demo.user","Towers Perrin Forester & Crosby","Crystal Stevens","CentralSales",,13.9569,4307000,103,14
"0015w00002DFNiYAAX","00E5w000004erM7EAI/00E5w000004erM0EAI/00E5w000004erLvEAI","0065w000022R2FgAAK","Ican Software","https://samennis-20200526-demo--c.documentforce.com/profilephoto/7295w000000W2n5/F","Steven Mathis",,"2020-05-27T03:52:21.000Z","Edwin Tucker","0055w00000D4KBlAAN","Steven Mathis","Steven Mathis","Steven Mathis/Edwin Tucker/Elliot Executive/Sam Ennis","Edwin Tucker","Edwin Tucker","Referral","00E5w000004erM5EAI","Ican Software","true","Low","true","RVP East","NH",,"2019-03-05T08:00:00.000Z","East Sales","Ican Software 36","00E5w000004erM7EAI","2019_04","RVPEast","00E5w000004erLvEAI","https://samennis-20200526-demo--c.documentforce.com/profilephoto/7295w000000W2n5/T","Machinery","Corporate","smathis1590550477787@demo.user","Ican Software","Steven Mathis","EastSales",,0,7615000,148,0
"0015w00002DFNTeAAP","00E5w000004erLzEAI/00E5w000004erM0EAI/00E5w000004erLvEAI","0065w000022R1wjAAC","Kenwal Steel Corp.","https://samennis-20200526-demo--c.documentforce.com/profilephoto/7295w000000W2nB/F","Meagan Blevins",,"2020-05-27T03:50:14.000Z","Andrew Martin","0055w00000D4KBhAAN","Meagan Blevins","Meagan Blevins","Meagan Blevins/Andrew Martin/Elliot Executive/Sam Ennis","Andrew Martin","Andrew Martin","Social Media","00E5w000004erLyEAI","Kenwal Steel Corp.","true","Low","true","RVP West","WA",,"2019-06-27T07:00:00.000Z","West Sales","Kenwal Steel Corp. 254","00E5w000004erLzEAI","2019_04","RVPWest","00E5w000004erLvEAI","https://samennis-20200526-demo--c.documentforce.com/profilephoto/7295w000000W2nB/T","Consulting","Corporate","mblevins1590550477762@demo.user","Kenwal Steel Corp.","Meagan Blevins","WestSales",,4.6667,4606000,173,5
"0015w00002DFNnNAAX","00E5w000004erM7EAI/00E5w000004erM0EAI/00E5w000004erLvEAI","0065w000022R2LwAAK","Xerox Corporation - Houston","https://samennis-20200526-demo--c.documentforce.com/profilephoto/7295w000000W2ml/F","Craig Arnold",,"2020-05-27T03:53:44.000Z","Craig Arnold","0055w00000D4KBjAAN","Craig Arnold","Craig Arnold","Craig Arnold/Edwin Tucker/Elliot Executive/Sam Ennis","Craig Arnold","Edwin Tucker","Inbound Call","00E5w000004erM5EAI","Xerox Corporation - Houston","true","Low","true","RVP East","CT",,"2018-10-13T07:00:00.000Z","East Sales","Xerox Corporation - Houston 99","00E5w000004erM7EAI","2019_04","RVPEast","00E5w000004erLvEAI","https://samennis-20200526-demo--c.documentforce.com/profilephoto/7295w000000W2ml/T","Entertainment","Corporate","carnold1590550477775@demo.user","Xerox Corporation - Houston","Craig Arnold","EastSales",,44.324,2549000,204,44
"0015w00002DFNfVAAX","00E5w000004erM7EAI/00E5w000004erM0EAI/00E5w000004erLvEAI","0065w000022R2BnAAK","IBM Software / Tivoli / Micromuse","https://samennis-20200526-demo--c.documentforce.com/profilephoto/7295w000000W2mg/F","Kaitlyn Guerrero",,"2020-05-27T03:52:11.000Z","Edwin Tucker","0055w00000D4KBkAAN","Kaitlyn Guerrero","Kaitlyn Guerrero","Kaitlyn Guerrero/Edwin Tucker/Elliot Executive/Sam Ennis","Edwin Tucker","Edwin Tucker","Partner","00E5w000004erM5EAI","IBM Software / Tivoli / Micromuse","true","High","true","RVP East","VA",,"2020-02-07T08:00:00.000Z","East Sales","IBM Software / Tivoli / Micromuse 22","00E5w000004erM7EAI","2019_04","RVPEast","00E5w000004erLvEAI","https://samennis-20200526-demo--c.documentforce.com/profilephoto/7295w000000W2mg/T","Hospitality","Corporate","kguerrer1590550477782@demo.user","IBM Software / Tivoli / Micromuse","Kaitlyn Guerrero","EastSales",,203,9650000,8,203
"0015w00002DFNJEAA5","00E5w000004erLzEAI/00E5w000004erM0EAI/00E5w000004erLvEAI","0065w000022R1iCAAS","WCOIL   Ltd","https://samennis-20200526-demo--c.documentforce.com/profilephoto/7295w000000W2nK/F","Amanda Hernandez",,"2020-05-27T03:49:30.000Z","Amanda Hernandez","0055w00000D4KBfAAN","Amanda Hernandez","Amanda Hernandez","Amanda Hernandez/Andrew Martin/Elliot Executive/Sam Ennis","Amanda Hernandez","Andrew Martin","Inbound Call","00E5w000004erLyEAI","WCOIL   Ltd","true","Medium","true","RVP West","WA",,"2020-01-31T08:00:00.000Z","West Sales","WCOIL   Ltd 148","00E5w000004erLzEAI","2019_05","RVPWest","00E5w000004erLvEAI","https://samennis-20200526-demo--c.documentforce.com/profilephoto/7295w000000W2nK/T","Chemicals","Corporate","ahernand1590550477747@demo.user","WCOIL   Ltd","Amanda Hernandez","WestSales",,58.2953,2181000,159,58
"0015w00002DFNM0AAP","00E5w000004erLzEAI/00E5w000004erM0EAI/00E5w000004erLvEAI","0065w000022R1m3AAC","adeptive.com","https://samennis-20200526-demo--c.documentforce.com/profilephoto/7295w000000W2nF/F","Mary Powers",,"2020-05-27T03:49:40.000Z","Andrew Martin","0055w00000D4KBeAAN","Mary Powers","Mary Powers","Mary Powers/Andrew Martin/Elliot Executive/Sam Ennis","Andrew Martin","Andrew Martin","Community","00E5w000004erLyEAI","adeptive.com","true","Low","true","RVP West","WA",,"2018-08-03T07:00:00.000Z","West Sales","adeptive.com 123","00E5w000004erLzEAI","2019_05","RVPWest","00E5w000004erLvEAI","https://samennis-20200526-demo--c.documentforce.com/profilephoto/7295w000000W2nF/T","Shipping","Corporate","mpowers1590550477739@demo.user","adeptive.com","Mary Powers","WestSales",,3,9093000,176,3
"0015w00002DFNYkAAP","00E5w000004erLzEAI/00E5w000004erM0EAI/00E5w000004erLvEAI","0065w000022R23TAAS","Sales Consultants","https://samennis-20200526-demo--c.documentforce.com/profilephoto/7295w000000W2nF/F","Mary Powers",,"2020-05-27T03:51:40.000Z","Andrew Martin","0055w00000D4KBeAAN","Mary Powers","Mary Powers","Mary Powers/Andrew Martin/Elliot Executive/Sam Ennis","Andrew Martin","Andrew Martin","Referral","00E5w000004erLyEAI","Sales Consultants","true","Low","true","RVP West","AK",,"2018-08-27T07:00:00.000Z","West Sales","Sales Consultants 226","00E5w000004erLzEAI","2019_05","RVPWest","00E5w000004erLvEAI","https://samennis-20200526-demo--c.documentforce.com/profilephoto/7295w000000W2nF/T","Recreation","Corporate","mpowers1590550477739@demo.user","Sales Consultants","Mary Powers","WestSales",,0,3619000,102,0
"0015w00002DFOCaAAP","00E5w000004erLxEAI/00E5w000004erM0EAI/00E5w000004erLvEAI","0065w000022R2sqAAC","IMTS Silicon Motor Speedway","https://samennis-20200526-demo--c.documentforce.com/profilephoto/7295w000000W2nZ/F","Michelle Stanley",,"2020-05-27T03:56:17.000Z","Elliot Executive","0055w00000D4KBrAAN","Michelle Stanley","Michelle Stanley","Michelle Stanley/John Chen/Elliot Executive/Sam Ennis","Elliot Executive","John Chen","Social Media","00E5w000004erLwEAI","IMTS Silicon Motor Speedway","true","Low","true","RVP Central","MN",,"2018-05-29T07:00:00.000Z","Central Sales","IMTS Silicon Motor Speedway 191","00E5w000004erLxEAI","2019_05","RVPCentral","00E5w000004erLvEAI","https://samennis-20200526-demo--c.documentforce.com/profilephoto/7295w000000W2nZ/T","Banking","T100","mstanley1590550477825@demo.user","IMTS Silicon Motor Speedway","Michelle Stanley","CentralSales",,4.5267,3215159000,15614,5
"0015w00002DFNuLAAX","00E5w000004erLxEAI/00E5w000004erM0EAI/00E5w000004erLvEAI","0065w000022R2VTAA0","Georgeshao, Inc","https://samennis-20200526-demo--c.documentforce.com/profilephoto/7295w000000W2nZ/F","Michelle Stanley",,"2020-05-27T03:54:04.000Z","Elliot Executive","0055w00000D4KBrAAN","Michelle Stanley","Michelle Stanley","Michelle Stanley/John Chen/Elliot Executive/Sam Ennis","Elliot Executive","John Chen","Social Media","00E5w000004erLwEAI","Georgeshao, Inc","true","Low","true","RVP Central","NY",,"2019-06-20T07:00:00.000Z","Central Sales","Georgeshao, Inc 249","00E5w000004erLxEAI","2019_05","RVPCentral","00E5w000004erLvEAI","https://samennis-20200526-demo--c.documentforce.com/profilephoto/7295w000000W2nZ/T","Construction","Corporate","mstanley1590550477825@demo.user","Georgeshao, Inc","Michelle Stanley","CentralSales",,0,3709000,242,0
"0015w00002DFNY1AAP","00E5w000004erLzEAI/00E5w000004erM0EAI/00E5w000004erLvEAI","0065w000022R22ZAAS","BlackBoard Connect","https://samennis-20200526-demo--c.documentforce.com/profilephoto/7295w000000W2nA/F","Kristen Miller",,"2020-05-27T03:51:40.000Z","Andrew Martin","0055w00000D4KBqAAN","Kristen Miller","Kristen Miller","Kristen Miller/Andrew Martin/Elliot Executive/Sam Ennis","Andrew Martin","Andrew Martin","Cold Call","00E5w000004erLyEAI","BlackBoard Connect","true","Low","true","RVP West","NV",,"2019-04-28T07:00:00.000Z","West Sales","BlackBoard Connect 39","00E5w000004erLzEAI","2019_05","RVPWest","00E5w000004erLvEAI","https://samennis-20200526-demo--c.documentforce.com/profilephoto/7295w000000W2nA/T","Manufacturing","Corporate","kmiller1590550477818@demo.user","BlackBoard Connect","Kristen Miller","WestSales",,10.5,4200000,75,11
"0015w00002DFNtUAAX","00E5w000004erLxEAI/00E5w000004erM0EAI/00E5w000004erLvEAI","0065w000022R2UKAA0","Network Co.","https://samennis-20200526-demo--c.documentforce.com/profilephoto/7295w000000W2nU/F","Rebecca Gonzalez",,"2020-05-27T03:54:04.000Z","Elliot Executive","0055w00000D4KBtAAN","Rebecca Gonzalez","Rebecca Gonzalez","Rebecca Gonzalez/John Chen/Elliot Executive/Sam Ennis","Elliot Executive","John Chen","Inbound Call","00E5w000004erLwEAI","Network Co.","true","Low","true","RVP Central","IA",,"2018-10-21T07:00:00.000Z","Central Sales","Network Co. 198","00E5w000004erLxEAI","2019_05","RVPCentral","00E5w000004erLvEAI","https://samennis-20200526-demo--c.documentforce.com/profilephoto/7295w000000W2nU/T","Financial Services","Corporate","rgonzale1590550477838@demo.user","Network Co.","Rebecca Gonzalez","CentralSales",,0,5457000,236,0
"0015w00002DFNTeAAP","00E5w000004erLzEAI/00E5w000004erM0EAI/00E5w000004erLvEAI","0065w000022R1wjAAC","Kenwal Steel Corp.","https://samennis-20200526-demo--c.documentforce.com/profilephoto/7295w000000W2nB/F","Meagan Blevins",,"2020-05-27T03:50:14.000Z","Andrew Martin","0055w00000D4KBhAAN","Meagan Blevins","Meagan Blevins","Meagan Blevins/Andrew Martin/Elliot Executive/Sam Ennis","Andrew Martin","Andrew Martin","Social Media","00E5w000004erLyEAI","Kenwal Steel Corp.","true","Low","true","RVP West","WA",,"2019-06-27T07:00:00.000Z","West Sales","Kenwal Steel Corp. 254","00E5w000004erLzEAI","2019_05","RVPWest","00E5w000004erLvEAI","https://samennis-20200526-demo--c.documentforce.com/profilephoto/7295w000000W2nB/T","Consulting","Corporate","mblevins1590550477762@demo.user","Kenwal Steel Corp.","Meagan Blevins","WestSales",,5.6,4606000,173,6
"0015w00002DFOANAA5","00E5w000004erLzEAI/00E5w000004erM0EAI/00E5w000004erLvEAI","0065w000022R2pzAAC","First Fleet Corp","https://samennis-20200526-demo--c.documentforce.com/profilephoto/7295w000000W2nK/F","Amanda Hernandez",,"2020-05-27T03:56:04.000Z","Amanda Hernandez","0055w00000D4KBfAAN","Amanda Hernandez","Amanda Hernandez","Amanda Hernandez/Andrew Martin/Elliot Executive/Sam Ennis","Amanda Hernandez","Andrew Martin","Inbound Call","00E5w000004erLyEAI","First Fleet Corp","true","Low","true","RVP West","CA",,"2018-11-15T08:00:00.000Z","West Sales","First Fleet Corp 25","00E5w000004erLzEAI","2019_05","RVPWest","00E5w000004erLvEAI","https://samennis-20200526-demo--c.documentforce.com/profilephoto/7295w000000W2nK/T","Entertainment","T100","ahernand1590550477747@demo.user","First Fleet Corp","Amanda Hernandez","WestSales",,35,4842897000,1,35
"0015w00002DFNfVAAX","00E5w000004erM7EAI/00E5w000004erM0EAI/00E5w000004erLvEAI","0065w000022R2BnAAK","IBM Software / Tivoli / Micromuse","https://samennis-20200526-demo--c.documentforce.com/profilephoto/7295w000000W2mg/F","Kaitlyn Guerrero",,"2020-05-27T03:52:11.000Z","Edwin Tucker","0055w00000D4KBkAAN","Kaitlyn Guerrero","Kaitlyn Guerrero","Kaitlyn Guerrero/Edwin Tucker/Elliot Executive/Sam Ennis","Edwin Tucker","Edwin Tucker","Partner","00E5w000004erM5EAI","IBM Software / Tivoli / Micromuse","true","High","true","RVP East","VA",,"2020-02-07T08:00:00.000Z","East Sales","IBM Software / Tivoli / Micromuse 22","00E5w000004erM7EAI","2019_05","RVPEast","00E5w000004erLvEAI","https://samennis-20200526-demo--c.documentforce.com/profilephoto/7295w000000W2mg/T","Hospitality","Corporate","kguerrer1590550477782@demo.user","IBM Software / Tivoli / Micromuse","Kaitlyn Guerrero","EastSales",,273,9650000,8,273
"0015w00002DFNlMAAX","00E5w000004erLxEAI/00E5w000004erM0EAI/00E5w000004erLvEAI","0065w000022R2JWAA0","NYSE Governance Services","https://samennis-20200526-demo--c.documentforce.com/profilephoto/7295w000000W2mb/F","Theresa Jones",,"2020-05-27T03:52:30.000Z","Elliot Executive","0055w00000D4KBoAAN","Theresa Jones","Theresa Jones","Theresa Jones/John Chen/Elliot Executive/Sam Ennis","Elliot Executive","John Chen","Website","00E5w000004erLwEAI","NYSE Governance Services","true","Medium","true","RVP Central","AR",,"2018-12-15T08:00:00.000Z","Central Sales","NYSE Governance Services 170","00E5w000004erLxEAI","2019_06","RVPCentral","00E5w000004erLvEAI","https://samennis-20200526-demo--c.documentforce.com/profilephoto/7295w000000W2mb/T","Insurance","Corporate","tjones1590550477806@demo.user","NYSE Governance Services","Theresa Jones","CentralSales",,84.4528,7299000,62,84
"0015w00002DFNJBAA5","00E5w000004erLzEAI/00E5w000004erM0EAI/00E5w000004erLvEAI","0065w000022R1i9AAC","CyberTrader","https://samennis-20200526-demo--c.documentforce.com/profilephoto/7295w000000W2nP/F","Heather Greer",,"2020-05-27T03:49:30.000Z","Andrew Martin","0055w00000D4KBpAAN","Heather Greer","Heather Greer","Heather Greer/Andrew Martin/Elliot Executive/Sam Ennis","Andrew Martin","Andrew Martin","Data.com","00E5w000004erLyEAI","CyberTrader","true","Low","true","RVP West","UT",,"2019-03-03T08:00:00.000Z","West Sales","CyberTrader 38","00E5w000004erLzEAI","2019_06","RVPWest","00E5w000004erLvEAI","https://samennis-20200526-demo--c.documentforce.com/profilephoto/7295w000000W2nP/T","Recreation","Corporate","hgreer1590550477812@demo.user","CyberTrader","Heather Greer","WestSales",,12.6667,9551000,115,13
"0015w00002DFNiYAAX","00E5w000004erM7EAI/00E5w000004erM0EAI/00E5w000004erLvEAI","0065w000022R2FgAAK","Ican Software","https://samennis-20200526-demo--c.documentforce.com/profilephoto/7295w000000W2n5/F","Steven Mathis",,"2020-05-27T03:52:21.000Z","Edwin Tucker","0055w00000D4KBlAAN","Steven Mathis","Steven Mathis","Steven Mathis/Edwin Tucker/Elliot Executive/Sam Ennis","Edwin Tucker","Edwin Tucker","Referral","00E5w000004erM5EAI","Ican Software","true","Low","true","RVP East","NH",,"2019-03-05T08:00:00.000Z","East Sales","Ican Software 36","00E5w000004erM7EAI","2019_06","RVPEast","00E5w000004erLvEAI","https://samennis-20200526-demo--c.documentforce.com/profilephoto/7295w000000W2n5/T","Machinery","Corporate","smathis1590550477787@demo.user","Ican Software","Steven Mathis","EastSales",,0,7615000,148,0
"0015w00002DFNDLAA5","00E5w000004erLzEAI/00E5w000004erM0EAI/00E5w000004erLvEAI","0065w000022R1a4AAC","Gas Equipment Company","https://samennis-20200526-demo--c.documentforce.com/profilephoto/7295w000000W2nK/F","Amanda Hernandez",,"2020-05-27T03:49:09.000Z","Amanda Hernandez","0055w00000D4KBfAAN","Amanda Hernandez","Amanda Hernandez","Amanda Hernandez/Andrew Martin/Elliot Executive/Sam Ennis","Amanda Hernandez","Andrew Martin","Social Media","00E5w000004erLyEAI","Gas Equipment Company","true","Low","true","RVP West","WY",,"2018-07-14T07:00:00.000Z","West Sales","Gas Equipment Company 78","00E5w000004erLzEAI","2019_06","RVPWest","00E5w000004erLvEAI","https://samennis-20200526-demo--c.documentforce.com/profilephoto/7295w000000W2nK/T","Electronics","Corporate","ahernand1590550477747@demo.user","Gas Equipment Company","Amanda Hernandez","WestSales",,30.3911,8657000,46,30
"0015w00002DFOCYAA5","00E5w000004erLzEAI/00E5w000004erM0EAI/00E5w000004erLvEAI","0065w000022R2slAAC","Paracelsus Healthcare","https://samennis-20200526-demo--c.documentforce.com/profilephoto/7295w000000W2nK/F","Amanda Hernandez",,"2020-05-27T03:56:17.000Z","Amanda Hernandez","0055w00000D4KBfAAN","Amanda Hernandez","Amanda Hernandez","Amanda Hernandez/Andrew Martin/Elliot Executive/Sam Ennis","Amanda Hernandez","Andrew Martin","Referral","00E5w000004erLyEAI","Paracelsus Healthcare","true","Low","true","RVP West","AK",,"2018-08-02T07:00:00.000Z","West Sales","Paracelsus Healthcare 125","00E5w000004erLzEAI","2019_07","RVPWest","00E5w000004erLvEAI","https://samennis-20200526-demo--c.documentforce.com/profilephoto/7295w000000W2nK/T","Energy","T100","ahernand1590550477747@demo.user","Paracelsus Healthcare","Amanda Hernandez","WestSales",,0,5193082000,9525,0
"0015w00002DFNtUAAX","00E5w000004erLxEAI/00E5w000004erM0EAI/00E5w000004erLvEAI","0065w000022R2UKAA0","Network Co.","https://samennis-20200526-demo--c.documentforce.com/profilephoto/7295w000000W2nU/F","Rebecca Gonzalez",,"2020-05-27T03:54:04.000Z","Elliot Executive","0055w00000D4KBtAAN","Rebecca Gonzalez","Rebecca Gonzalez","Rebecca Gonzalez/John Chen/Elliot Executive/Sam Ennis","Elliot Executive","John Chen","Inbound Call","00E5w000004erLwEAI","Network Co.","true","Low","true","RVP Central","IA",,"2018-10-21T07:00:00.000Z","Central Sales","Network Co. 198","00E5w000004erLxEAI","2019_07","RVPCentral","00E5w000004erLvEAI","https://samennis-20200526-demo--c.documentforce.com/profilephoto/7295w000000W2nU/T","Financial Services","Corporate","rgonzale1590550477838@demo.user","Network Co.","Rebecca Gonzalez","CentralSales",,11.6667,5457000,236,12
"0015w00002DFNyzAAH","00E5w000004erLxEAI/00E5w000004erM0EAI/00E5w000004erLvEAI","0065w000022R2bpAAC","CompuHelp Internet Access, Inc","https://samennis-20200526-demo--c.documentforce.com/profilephoto/7295w000000W2nU/F","Rebecca Gonzalez",,"2020-05-27T03:54:24.000Z","Elliot Executive","0055w00000D4KBtAAN","Rebecca Gonzalez","Rebecca Gonzalez","Rebecca Gonzalez/John Chen/Elliot Executive/Sam Ennis","Elliot Executive","John Chen","Cold Call","00E5w000004erLwEAI","CompuHelp Internet Access, Inc","true","Low","true","RVP Central","NY",,"2018-08-21T07:00:00.000Z","Central Sales","CompuHelp Internet Access, Inc 190","00E5w000004erLxEAI","2019_07","RVPCentral","00E5w000004erLvEAI","https://samennis-20200526-demo--c.documentforce.com/profilephoto/7295w000000W2nU/T","Food & Beverage","Corporate","rgonzale1590550477838@demo.user","CompuHelp Internet Access, Inc","Rebecca Gonzalez","CentralSales",,0,4686000,69933,0
"0015w00002DFNHlAAP","00E5w000004erLxEAI/00E5w000004erM0EAI/00E5w000004erLvEAI","0065w000022R1gCAAS","In2Change Inc","https://samennis-20200526-demo--c.documentforce.com/profilephoto/7295w000000W2mb/F","Theresa Jones",,"2020-05-27T03:49:30.000Z","Elliot Executive","0055w00000D4KBoAAN","Theresa Jones","Theresa Jones","Theresa Jones/John Chen/Elliot Executive/Sam Ennis","Elliot Executive","John Chen","Cold Call","00E5w000004erLwEAI","In2Change Inc","true","Low","true","RVP Central","IN",,"2019-08-25T07:00:00.000Z","Central Sales","In2Change Inc 153","00E5w000004erLxEAI","2019_07","RVPCentral","00E5w000004erLvEAI","https://samennis-20200526-demo--c.documentforce.com/profilephoto/7295w000000W2mb/T","Technology","Corporate","tjones1590550477806@demo.user","In2Change Inc","Theresa Jones","CentralSales",,0,5333000,216,0
"0015w00002DFNTaAAP","00E5w000004erLxEAI/00E5w000004erM0EAI/00E5w000004erLvEAI","0065w000022R1wfAAC","ICC Industries","https://samennis-20200526-demo--c.documentforce.com/profilephoto/7295w000000W2nU/F","Rebecca Gonzalez",,"2020-05-27T03:50:14.000Z","Elliot Executive","0055w00000D4KBtAAN","Rebecca Gonzalez","Rebecca Gonzalez","Rebecca Gonzalez/John Chen/Elliot Executive/Sam Ennis","Elliot Executive","John Chen","Inbound Call","00E5w000004erLwEAI","ICC Industries","true","Low","true","RVP Central","IL",,"2020-01-06T08:00:00.000Z","Central Sales","ICC Industries 171","00E5w000004erLxEAI","2019_07","RVPCentral","00E5w000004erLvEAI","https://samennis-20200526-demo--c.documentforce.com/profilephoto/7295w000000W2nU/T","Communications","Corporate","rgonzale1590550477838@demo.user","ICC Industries","Rebecca Gonzalez","CentralSales",,0,9486000,109,0
"0015w00002DFNVjAAP","00E5w000004erLxEAI/00E5w000004erM0EAI/00E5w000004erLvEAI","0065w000022R1zVAAS","F5(formerly Uroam )(formerly Filanet Cor","https://samennis-20200526-demo--c.documentforce.com/profilephoto/7295w000000W2ne/F","Robin Montgomery",,"2020-05-27T03:51:31.000Z","Elliot Executive","0055w00000D4KBnAAN","Robin Montgomery","Robin Montgomery","Robin Montgomery/John Chen/Elliot Executive/Sam Ennis","Elliot Executive","John Chen","Website","00E5w000004erLwEAI","F5(formerly Uroam )(formerly Filanet Cor","true","Low","true","RVP Central","IN",,"2019-11-09T08:00:00.000Z","Central Sales","F5(formerly Uroam )(formerly Filanet Cor 201","00E5w000004erLxEAI","2019_10","RVPCentral","00E5w000004erLvEAI","https://samennis-20200526-demo--c.documentforce.com/profilephoto/7295w000000W2ne/T","Energy","Corporate","rmontgom1590550477800@demo.user","F5(formerly Uroam )(formerly Filanet Cor","Robin Montgomery","CentralSales",,1.7878,3359000,180,2
"0015w00002DFNYkAAP","00E5w000004erLzEAI/00E5w000004erM0EAI/00E5w000004erLvEAI","0065w000022R23TAAS","Sales Consultants","https://samennis-20200526-demo--c.documentforce.com/profilephoto/7295w000000W2nF/F","Mary Powers",,"2020-05-27T03:51:40.000Z","Andrew Martin","0055w00000D4KBeAAN","Mary Powers","Mary Powers","Mary Powers/Andrew Martin/Elliot Executive/Sam Ennis","Andrew Martin","Andrew Martin","Referral","00E5w000004erLyEAI","Sales Consultants","true","Low","true","RVP West","AK",,"2018-08-27T07:00:00.000Z","West Sales","Sales Consultants 226","00E5w000004erLzEAI","2019_10","RVPWest","00E5w000004erLvEAI","https://samennis-20200526-demo--c.documentforce.com/profilephoto/7295w000000W2nF/T","Recreation","Corporate","mpowers1590550477739@demo.user","Sales Consultants","Mary Powers","WestSales",,0,3619000,102,0
"0015w00002DFNlMAAX","00E5w000004erLxEAI/00E5w000004erM0EAI/00E5w000004erLvEAI","0065w000022R2JWAA0","NYSE Governance Services","https://samennis-20200526-demo--c.documentforce.com/profilephoto/7295w000000W2mb/F","Theresa Jones",,"2020-05-27T03:52:30.000Z","Elliot Executive","0055w00000D4KBoAAN","Theresa Jones","Theresa Jones","Theresa Jones/John Chen/Elliot Executive/Sam Ennis","Elliot Executive","John Chen","Website","00E5w000004erLwEAI","NYSE Governance Services","true","Medium","true","RVP Central","AR",,"2018-12-15T08:00:00.000Z","Central Sales","NYSE Governance Services 170","00E5w000004erLxEAI","2019_10","RVPCentral","00E5w000004erLvEAI","https://samennis-20200526-demo--c.documentforce.com/profilephoto/7295w000000W2mb/T","Insurance","Corporate","tjones1590550477806@demo.user","NYSE Governance Services","Theresa Jones","CentralSales",,84.4528,7299000,62,84
"0015w00002DFOBwAAP","00E5w000004erLzEAI/00E5w000004erM0EAI/00E5w000004erLvEAI","0065w000022R2rxAAC","Yunker Industries","https://samennis-20200526-demo--c.documentforce.com/profilephoto/7295w000000W2nA/F","Kristen Miller",,"2020-05-27T03:56:17.000Z","Andrew Martin","0055w00000D4KBqAAN","Kristen Miller","Kristen Miller","Kristen Miller/Andrew Martin/Elliot Executive/Sam Ennis","Andrew Martin","Andrew Martin","Marketing Event","00E5w000004erLyEAI","Yunker Industries","true","Low","true","RVP West","UT",,"2019-01-25T08:00:00.000Z","West Sales","Yunker Industries 188","00E5w000004erLzEAI","2019_10","RVPWest","00E5w000004erLvEAI","https://samennis-20200526-demo--c.documentforce.com/profilephoto/7295w000000W2nA/T","Hospitality","T100","kmiller1590550477818@demo.user","Yunker Industries","Kristen Miller","WestSales",,0,4930081000,1258,0
"0015w00002DFNtUAAX","00E5w000004erLxEAI/00E5w000004erM0EAI/00E5w000004erLvEAI","0065w000022R2UKAA0","Network Co.","https://samennis-20200526-demo--c.documentforce.com/profilephoto/7295w000000W2nU/F","Rebecca Gonzalez",,"2020-05-27T03:54:04.000Z","Elliot Executive","0055w00000D4KBtAAN","Rebecca Gonzalez","Rebecca Gonzalez","Rebecca Gonzalez/John Chen/Elliot Executive/Sam Ennis","Elliot Executive","John Chen","Inbound Call","00E5w000004erLwEAI","Network Co.","true","Low","true","RVP Central","IA",,"2018-10-21T07:00:00.000Z","Central Sales","Network Co. 198","00E5w000004erLxEAI","2019_10","RVPCentral","00E5w000004erLvEAI","https://samennis-20200526-demo--c.documentforce.com/profilephoto/7295w000000W2nU/T","Financial Services","Corporate","rgonzale1590550477838@demo.user","Network Co.","Rebecca Gonzalez","CentralSales",,7,5457000,236,7
"0015w00002DFNV3AAP","00E5w000004erLxEAI/00E5w000004erM0EAI/00E5w000004erLvEAI","0065w000022R1yZAAS","Towers Perrin Forester & Crosby","https://samennis-20200526-demo--c.documentforce.com/profilephoto/7295w000000W2mW/F","Crystal Stevens",,"2020-05-27T03:51:31.000Z","Crystal Stevens","0055w00000D4KBsAAN","Crystal Stevens","Crystal Stevens","Crystal Stevens/John Chen/Elliot Executive/Sam Ennis","Crystal Stevens","John Chen","Partner","00E5w000004erLwEAI","Towers Perrin Forester & Crosby","true","Low","true","RVP Central","NE",,"2019-04-09T07:00:00.000Z","Central Sales","Towers Perrin Forester & Crosby 123","00E5w000004erLxEAI","2019_10","RVPCentral","00E5w000004erLvEAI","https://samennis-20200526-demo--c.documentforce.com/profilephoto/7295w000000W2mW/T","Recreation","Corporate","cstevens1590550477831@demo.user","Towers Perrin Forester & Crosby","Crystal Stevens","CentralSales",,15.5556,4307000,103,16
"0015w00002DFO9BAAX","00E5w000004erLzEAI/00E5w000004erM0EAI/00E5w000004erLvEAI","0065w000022R2oUAAS","Yuba Heat Transfer Division","https://samennis-20200526-demo--c.documentforce.com/profilephoto/7295w000000W2nK/F","Amanda Hernandez",,"2020-05-27T03:56:04.000Z","Amanda Hernandez","0055w00000D4KBfAAN","Amanda Hernandez","Amanda Hernandez","Amanda Hernandez/Andrew Martin/Elliot Executive/Sam Ennis","Amanda Hernandez","Andrew Martin","Community","00E5w000004erLyEAI","Yuba Heat Transfer Division","true","Low","true","RVP West","AK",,"2018-06-25T07:00:00.000Z","West Sales","Yuba Heat Transfer Division 171","00E5w000004erLzEAI","2019_10","RVPWest","00E5w000004erLvEAI","https://samennis-20200526-demo--c.documentforce.com/profilephoto/7295w000000W2nK/T","Recreation","Enterprise","ahernand1590550477747@demo.user","Yuba Heat Transfer Division","Amanda Hernandez","WestSales",,0.2121,1455771000,122400,0
"0015w00002DFO3ZAAX","00E5w000004erLzEAI/00E5w000004erM0EAI/00E5w000004erLvEAI","0065w000022R2h8AAC","Newmarket International","https://samennis-20200526-demo--c.documentforce.com/profilephoto/7295w000000W2nK/F","Amanda Hernandez",,"2020-05-27T03:54:42.000Z","Amanda Hernandez","0055w00000D4KBfAAN","Amanda Hernandez","Amanda Hernandez","Amanda Hernandez/Andrew Martin/Elliot Executive/Sam Ennis","Amanda Hernandez","Andrew Martin","Cold Call","00E5w000004erLyEAI","Newmarket International","true","Low","true","RVP West","MT",,"2020-03-05T08:00:00.000Z","West Sales","Newmarket International 19","00E5w000004erLzEAI","2019_10","RVPWest","00E5w000004erLvEAI","https://samennis-20200526-demo--c.documentforce.com/profilephoto/7295w000000W2nK/T","Entertainment","Mid-Market","ahernand1590550477747@demo.user","Newmarket International","Amanda Hernandez","WestSales",,8.1667,393882000,901,8
"0015w00002DFO5FAAX","00E5w000004erLxEAI/00E5w000004erM0EAI/00E5w000004erLvEAI","0065w000022R2jNAAS","SendOrder.com","https://samennis-20200526-demo--c.documentforce.com/profilephoto/7295w000000W2nZ/F","Michelle Stanley",,"2020-05-27T03:54:48.000Z","Elliot Executive","0055w00000D4KBrAAN","Michelle Stanley","Michelle Stanley","Michelle Stanley/John Chen/Elliot Executive/Sam Ennis","Elliot Executive","John Chen","Marketing Event","00E5w000004erLwEAI","SendOrder.com","true","Low","true","RVP Central","LA",,"2019-09-25T07:00:00.000Z","Central Sales","SendOrder.com 251","00E5w000004erLxEAI","2019_10","RVPCentral","00E5w000004erLvEAI","https://samennis-20200526-demo--c.documentforce.com/profilephoto/7295w000000W2nZ/T","Retail","Mid-Market","mstanley1590550477825@demo.user","SendOrder.com","Michelle Stanley","CentralSales",,7,417182000,3118,7
"0015w00002DFNHlAAP","00E5w000004erLxEAI/00E5w000004erM0EAI/00E5w000004erLvEAI","0065w000022R1gCAAS","In2Change Inc","https://samennis-20200526-demo--c.documentforce.com/profilephoto/7295w000000W2mb/F","Theresa Jones",,"2020-05-27T03:49:30.000Z","Elliot Executive","0055w00000D4KBoAAN","Theresa Jones","Theresa Jones","Theresa Jones/John Chen/Elliot Executive/Sam Ennis","Elliot Executive","John Chen","Cold Call","00E5w000004erLwEAI","In2Change Inc","true","Low","true","RVP Central","IN",,"2019-08-25T07:00:00.000Z","Central Sales","In2Change Inc 153","00E5w000004erLxEAI","2019_10","RVPCentral","00E5w000004erLvEAI","https://samennis-20200526-demo--c.documentforce.com/profilephoto/7295w000000W2mb/T","Technology","Corporate","tjones1590550477806@demo.user","In2Change Inc","Theresa Jones","CentralSales",,0,5333000,216,0
"0015w00002DFNJEAA5","00E5w000004erLzEAI/00E5w000004erM0EAI/00E5w000004erLvEAI","0065w000022R1iCAAS","WCOIL   Ltd","https://samennis-20200526-demo--c.documentforce.com/profilephoto/7295w000000W2nK/F","Amanda Hernandez",,"2020-05-27T03:49:30.000Z","Amanda Hernandez","0055w00000D4KBfAAN","Amanda Hernandez","Amanda Hernandez","Amanda Hernandez/Andrew Martin/Elliot Executive/Sam Ennis","Amanda Hernandez","Andrew Martin","Inbound Call","00E5w000004erLyEAI","WCOIL   Ltd","true","Medium","true","RVP West","WA",,"2020-01-31T08:00:00.000Z","West Sales","WCOIL   Ltd 148","00E5w000004erLzEAI","2019_07","RVPWest","00E5w000004erLvEAI","https://samennis-20200526-demo--c.documentforce.com/profilephoto/7295w000000W2nK/T","Chemicals","Corporate","ahernand1590550477747@demo.user","WCOIL   Ltd","Amanda Hernandez","WestSales",,90.0122,2181000,159,90
"0015w00002DFO6tAAH","00E5w000004erLxEAI/00E5w000004erM0EAI/00E5w000004erLvEAI","0065w000022R2lZAAS","OnDemand Inc","https://samennis-20200526-demo--c.documentforce.com/profilephoto/7295w000000W2nU/F","Rebecca Gonzalez",,"2020-05-27T03:55:53.000Z","Elliot Executive","0055w00000D4KBtAAN","Rebecca Gonzalez","Rebecca Gonzalez","Rebecca Gonzalez/John Chen/Elliot Executive/Sam Ennis","Elliot Executive","John Chen","Marketing Event","00E5w000004erLwEAI","OnDemand Inc","true","Low","true","RVP Central","NJ",,"2018-06-09T07:00:00.000Z","Central Sales","OnDemand Inc 87","00E5w000004erLxEAI","2019_07","RVPCentral","00E5w000004erLvEAI","https://samennis-20200526-demo--c.documentforce.com/profilephoto/7295w000000W2nU/T","Energy","Enterprise","rgonzale1590550477838@demo.user","OnDemand Inc","Rebecca Gonzalez","CentralSales",,17.3408,1145751000,215,17
"0015w00002DFOCHAA5","00E5w000004erLzEAI/00E5w000004erM0EAI/00E5w000004erLvEAI","0065w000022R2sNAAS","Unitus Leadership Systems","https://samennis-20200526-demo--c.documentforce.com/profilephoto/7295w000000W2nP/F","Heather Greer",,"2020-05-27T03:56:17.000Z","Andrew Martin","0055w00000D4KBpAAN","Heather Greer","Heather Greer","Heather Greer/Andrew Martin/Elliot Executive/Sam Ennis","Andrew Martin","Andrew Martin","Cold Call","00E5w000004erLyEAI","Unitus Leadership Systems","true","Low","true","RVP West","MT",,"2018-08-27T07:00:00.000Z","West Sales","Unitus Leadership Systems 61","00E5w000004erLzEAI","2019_07","RVPWest","00E5w000004erLvEAI","https://samennis-20200526-demo--c.documentforce.com/profilephoto/7295w000000W2nP/T","Transportation","T100","hgreer1590550477812@demo.user","Unitus Leadership Systems","Heather Greer","WestSales",,47.8873,4343760000,22732,48
"0015w00002DFNTWAA5","00E5w000004erLxEAI/00E5w000004erM0EAI/00E5w000004erLvEAI","0065w000022R1waAAC","Group Health Cooperative","https://samennis-20200526-demo--c.documentforce.com/profilephoto/7295w000000W2nZ/F","Michelle Stanley",,"2020-05-27T03:50:14.000Z","Elliot Executive","0055w00000D4KBrAAN","Michelle Stanley","Michelle Stanley","Michelle Stanley/John Chen/Elliot Executive/Sam Ennis","Elliot Executive","John Chen","Inbound Call","00E5w000004erLwEAI","Group Health Cooperative","true","Medium","true","RVP Central","MO",,"2019-04-28T07:00:00.000Z","Central Sales","Group Health Cooperative 131","00E5w000004erLxEAI","2019_07","RVPCentral","00E5w000004erLvEAI","https://samennis-20200526-demo--c.documentforce.com/profilephoto/7295w000000W2nZ/T","Energy","Corporate","mstanley1590550477825@demo.user","Group Health Cooperative","Michelle Stanley","CentralSales",,56,2351000,120,56
"0015w00002DFOCUAA5","00E5w000004erLzEAI/00E5w000004erM0EAI/00E5w000004erLvEAI","0065w000022R2shAAC","eB2X","https://samennis-20200526-demo--c.documentforce.com/profilephoto/7295w000000W2nF/F","Mary Powers",,"2020-05-27T03:56:17.000Z","Andrew Martin","0055w00000D4KBeAAN","Mary Powers","Mary Powers","Mary Powers/Andrew Martin/Elliot Executive/Sam Ennis","Andrew Martin","Andrew Martin","Social Media","00E5w000004erLyEAI","eB2X","true","High","true","RVP West","NV",,"2020-02-16T08:00:00.000Z","West Sales","eB2X 74","00E5w000004erLzEAI","2019_07","RVPWest","00E5w000004erLvEAI","https://samennis-20200526-demo--c.documentforce.com/profilephoto/7295w000000W2nF/T","Shipping","T100","mpowers1590550477739@demo.user","eB2X","Mary Powers","WestSales",,1607.053,7487020000,19970,1607
"0015w00002DFOANAA5","00E5w000004erLzEAI/00E5w000004erM0EAI/00E5w000004erLvEAI","0065w000022R2pzAAC","First Fleet Corp","https://samennis-20200526-demo--c.documentforce.com/profilephoto/7295w000000W2nK/F","Amanda Hernandez",,"2020-05-27T03:56:04.000Z","Amanda Hernandez","0055w00000D4KBfAAN","Amanda Hernandez","Amanda Hernandez","Amanda Hernandez/Andrew Martin/Elliot Executive/Sam Ennis","Amanda Hernandez","Andrew Martin","Inbound Call","00E5w000004erLyEAI","First Fleet Corp","true","Low","true","RVP West","CA",,"2018-11-15T08:00:00.000Z","West Sales","First Fleet Corp 25","00E5w000004erLzEAI","2019_07","RVPWest","00E5w000004erLvEAI","https://samennis-20200526-demo--c.documentforce.com/profilephoto/7295w000000W2nK/T","Entertainment","T100","ahernand1590550477747@demo.user","First Fleet Corp","Amanda Hernandez","WestSales",,10.36,4842897000,1,10
"0015w00002DFO6tAAH","00E5w000004erLxEAI/00E5w000004erM0EAI/00E5w000004erLvEAI","0065w000022R2lZAAS","OnDemand Inc","https://samennis-20200526-demo--c.documentforce.com/profilephoto/7295w000000W2nU/F","Rebecca Gonzalez",,"2020-05-27T03:55:53.000Z","Elliot Executive","0055w00000D4KBtAAN","Rebecca Gonzalez","Rebecca Gonzalez","Rebecca Gonzalez/John Chen/Elliot Executive/Sam Ennis","Elliot Executive","John Chen","Marketing Event","00E5w000004erLwEAI","OnDemand Inc","true","Low","true","RVP Central","NJ",,"2018-06-09T07:00:00.000Z","Central Sales","OnDemand Inc 87","00E5w000004erLxEAI","2019_08","RVPCentral","00E5w000004erLvEAI","https://samennis-20200526-demo--c.documentforce.com/profilephoto/7295w000000W2nU/T","Energy","Enterprise","rgonzale1590550477838@demo.user","OnDemand Inc","Rebecca Gonzalez","CentralSales",,10.644,1145751000,215,11
"0015w00002DFNyEAAX","00E5w000004erLzEAI/00E5w000004erM0EAI/00E5w000004erLvEAI","0065w000022R2asAAC","Intersolutions Inc","https://samennis-20200526-demo--c.documentforce.com/profilephoto/7295w000000W2mR/F","Brandy Mullins",,"2020-05-27T03:54:24.000Z","Andrew Martin","0055w00000D4KBgAAN","Brandy Mullins","Brandy Mullins","Brandy Mullins/Andrew Martin/Elliot Executive/Sam Ennis","Andrew Martin","Andrew Martin","Data.com","00E5w000004erLyEAI","Intersolutions Inc","true","Low","true","RVP West","AK",,"2019-04-07T07:00:00.000Z","West Sales","Intersolutions Inc 40","00E5w000004erLzEAI","2019_08","RVPWest","00E5w000004erLvEAI","https://samennis-20200526-demo--c.documentforce.com/profilephoto/7295w000000W2mR/T","Government","Corporate","bmullins1590550477755@demo.user","Intersolutions Inc","Brandy Mullins","WestSales",,10.2508,9099000,41702,10
"0015w00002DFNQpAAP","00E5w000004erLxEAI/00E5w000004erM0EAI/00E5w000004erLvEAI","0065w000022R1t1AAC","Tech Talent","https://samennis-20200526-demo--c.documentforce.com/profilephoto/7295w000000W2nZ/F","Michelle Stanley",,"2020-05-27T03:50:08.000Z","Elliot Executive","0055w00000D4KBrAAN","Michelle Stanley","Michelle Stanley","Michelle Stanley/John Chen/Elliot Executive/Sam Ennis","Elliot Executive","John Chen","Marketing Event","00E5w000004erLwEAI","Tech Talent","true","Low","true","RVP Central","MO",,"2019-03-18T07:00:00.000Z","Central Sales","Tech Talent 195","00E5w000004erLxEAI","2019_08","RVPCentral","00E5w000004erLvEAI","https://samennis-20200526-demo--c.documentforce.com/profilephoto/7295w000000W2nZ/T","Financial Services","Corporate","mstanley1590550477825@demo.user","Tech Talent","Michelle Stanley","CentralSales",,21,2587000,23,21
"0015w00002DFNiYAAX","00E5w000004erM7EAI/00E5w000004erM0EAI/00E5w000004erLvEAI","0065w000022R2FgAAK","Ican Software","https://samennis-20200526-demo--c.documentforce.com/profilephoto/7295w000000W2n5/F","Steven Mathis",,"2020-05-27T03:52:21.000Z","Edwin Tucker","0055w00000D4KBlAAN","Steven Mathis","Steven Mathis","Steven Mathis/Edwin Tucker/Elliot Executive/Sam Ennis","Edwin Tucker","Edwin Tucker","Referral","00E5w000004erM5EAI","Ican Software","true","Low","true","RVP East","NH",,"2019-03-05T08:00:00.000Z","East Sales","Ican Software 36","00E5w000004erM7EAI","2019_08","RVPEast","00E5w000004erLvEAI","https://samennis-20200526-demo--c.documentforce.com/profilephoto/7295w000000W2n5/T","Machinery","Corporate","smathis1590550477787@demo.user","Ican Software","Steven Mathis","EastSales",,0,7615000,148,0
"0015w00002DFNDLAA5","00E5w000004erLzEAI/00E5w000004erM0EAI/00E5w000004erLvEAI","0065w000022R1a4AAC","Gas Equipment Company","https://samennis-20200526-demo--c.documentforce.com/profilephoto/7295w000000W2nK/F","Amanda Hernandez",,"2020-05-27T03:49:09.000Z","Amanda Hernandez","0055w00000D4KBfAAN","Amanda Hernandez","Amanda Hernandez","Amanda Hernandez/Andrew Martin/Elliot Executive/Sam Ennis","Amanda Hernandez","Andrew Martin","Social Media","00E5w000004erLyEAI","Gas Equipment Company","true","Low","true","RVP West","WY",,"2018-07-14T07:00:00.000Z","West Sales","Gas Equipment Company 78","00E5w000004erLzEAI","2019_08","RVPWest","00E5w000004erLvEAI","https://samennis-20200526-demo--c.documentforce.com/profilephoto/7295w000000W2nK/T","Electronics","Corporate","ahernand1590550477747@demo.user","Gas Equipment Company","Amanda Hernandez","WestSales",,33.5889,8657000,46,34
"0015w00002DFOCHAA5","00E5w000004erLzEAI/00E5w000004erM0EAI/00E5w000004erLvEAI","0065w000022R2sNAAS","Unitus Leadership Systems","https://samennis-20200526-demo--c.documentforce.com/profilephoto/7295w000000W2nP/F","Heather Greer",,"2020-05-27T03:56:17.000Z","Andrew Martin","0055w00000D4KBpAAN","Heather Greer","Heather Greer","Heather Greer/Andrew Martin/Elliot Executive/Sam Ennis","Andrew Martin","Andrew Martin","Cold Call","00E5w000004erLyEAI","Unitus Leadership Systems","true","Low","true","RVP West","MT",,"2018-08-27T07:00:00.000Z","West Sales","Unitus Leadership Systems 61","00E5w000004erLzEAI","2019_09","RVPWest","00E5w000004erLvEAI","https://samennis-20200526-demo--c.documentforce.com/profilephoto/7295w000000W2nP/T","Transportation","T100","hgreer1590550477812@demo.user","Unitus Leadership Systems","Heather Greer","WestSales",,30.1061,4343760000,22732,30
"0015w00002DFOCYAA5","00E5w000004erLzEAI/00E5w000004erM0EAI/00E5w000004erLvEAI","0065w000022R2slAAC","Paracelsus Healthcare","https://samennis-20200526-demo--c.documentforce.com/profilephoto/7295w000000W2nK/F","Amanda Hernandez",,"2020-05-27T03:56:17.000Z","Amanda Hernandez","0055w00000D4KBfAAN","Amanda Hernandez","Amanda Hernandez","Amanda Hernandez/Andrew Martin/Elliot Executive/Sam Ennis","Amanda Hernandez","Andrew Martin","Referral","00E5w000004erLyEAI","Paracelsus Healthcare","true","Low","true","RVP West","AK",,"2018-08-02T07:00:00.000Z","West Sales","Paracelsus Healthcare 125","00E5w000004erLzEAI","2019_09","RVPWest","00E5w000004erLvEAI","https://samennis-20200526-demo--c.documentforce.com/profilephoto/7295w000000W2nK/T","Energy","T100","ahernand1590550477747@demo.user","Paracelsus Healthcare","Amanda Hernandez","WestSales",,0,5193082000,9525,0
"0015w00002DFNI4AAP","00E5w000004erLzEAI/00E5w000004erM0EAI/00E5w000004erLvEAI","0065w000022R1gbAAC","Toledo Medical Imaging","https://samennis-20200526-demo--c.documentforce.com/profilephoto/7295w000000W2nF/F","Mary Powers",,"2020-05-27T03:49:30.000Z","Andrew Martin","0055w00000D4KBeAAN","Mary Powers","Mary Powers","Mary Powers/Andrew Martin/Elliot Executive/Sam Ennis","Andrew Martin","Andrew Martin","Referral","00E5w000004erLyEAI","Toledo Medical Imaging","true","Low","true","RVP West","AK",,"2019-05-11T07:00:00.000Z","West Sales","Toledo Medical Imaging 133","00E5w000004erLzEAI","2019_09","RVPWest","00E5w000004erLvEAI","https://samennis-20200526-demo--c.documentforce.com/profilephoto/7295w000000W2nF/T","Consulting","Corporate","mpowers1590550477739@demo.user","Toledo Medical Imaging","Mary Powers","WestSales",,27.7961,4289000,124,28
"0015w00002DFNxvAAH","00E5w000004erLxEAI/00E5w000004erM0EAI/00E5w000004erLvEAI","0065w000022R2aUAAS","Pitney Bowes Distribution Ctr","https://samennis-20200526-demo--c.documentforce.com/profilephoto/7295w000000W2ne/F","Robin Montgomery",,"2020-05-27T03:54:24.000Z","Elliot Executive","0055w00000D4KBnAAN","Robin Montgomery","Robin Montgomery","Robin Montgomery/John Chen/Elliot Executive/Sam Ennis","Elliot Executive","John Chen","Marketing Event","00E5w000004erLwEAI","Pitney Bowes Distribution Ctr","true","High","true","RVP Central","IN",,"2019-02-18T08:00:00.000Z","Central Sales","Pitney Bowes Distribution Ctr 142","00E5w000004erLxEAI","2019_09","RVPCentral","00E5w000004erLvEAI","https://samennis-20200526-demo--c.documentforce.com/profilephoto/7295w000000W2ne/T","Chemicals","Corporate","rmontgom1590550477800@demo.user","Pitney Bowes Distribution Ctr","Robin Montgomery","CentralSales",,126.728,6858000,61166,127
"0015w00002DFNGIAA5","00E5w000004erLzEAI/00E5w000004erM0EAI/00E5w000004erLvEAI","0065w000022R1eCAAS","Transoft Networks","https://samennis-20200526-demo--c.documentforce.com/profilephoto/7295w000000W2nP/F","Heather Greer",,"2020-05-27T03:49:21.000Z","Andrew Martin","0055w00000D4KBpAAN","Heather Greer","Heather Greer","Heather Greer/Andrew Martin/Elliot Executive/Sam Ennis","Andrew Martin","Andrew Martin","Data.com","00E5w000004erLyEAI","Transoft Networks","true","Low","true","RVP West","WA",,"2020-03-02T08:00:00.000Z","West Sales","Transoft Networks 24","00E5w000004erLzEAI","2019_09","RVPWest","00E5w000004erLvEAI","https://samennis-20200526-demo--c.documentforce.com/profilephoto/7295w000000W2nP/T","Banking","Corporate","hgreer1590550477812@demo.user","Transoft Networks","Heather Greer","WestSales",,2.8,4868000,203,3
"0015w00002DFO5FAAX","00E5w000004erLxEAI/00E5w000004erM0EAI/00E5w000004erLvEAI","0065w000022R2jNAAS","SendOrder.com","https://samennis-20200526-demo--c.documentforce.com/profilephoto/7295w000000W2nZ/F","Michelle Stanley",,"2020-05-27T03:54:48.000Z","Elliot Executive","0055w00000D4KBrAAN","Michelle Stanley","Michelle Stanley","Michelle Stanley/John Chen/Elliot Executive/Sam Ennis","Elliot Executive","John Chen","Marketing Event","00E5w000004erLwEAI","SendOrder.com","true","Low","true","RVP Central","LA",,"2019-09-25T07:00:00.000Z","Central Sales","SendOrder.com 251","00E5w000004erLxEAI","2019_09","RVPCentral","00E5w000004erLvEAI","https://samennis-20200526-demo--c.documentforce.com/profilephoto/7295w000000W2nZ/T","Retail","Mid-Market","mstanley1590550477825@demo.user","SendOrder.com","Michelle Stanley","CentralSales",,7,417182000,3118,7
"0015w00002DFNzwAAH","00E5w000004erM7EAI/00E5w000004erM0EAI/00E5w000004erLvEAI","0065w000022R2d3AAC","advisor square","https://samennis-20200526-demo--c.documentforce.com/profilephoto/7295w000000W2mv/F","Brian Norris",,"2020-05-27T03:54:34.000Z","Brian Norris","0055w00000D4KBiAAN","Brian Norris","Brian Norris","Brian Norris/Edwin Tucker/Elliot Executive/Sam Ennis","Brian Norris","Edwin Tucker","Marketing Event","00E5w000004erM5EAI","advisor square","true","Low","true","RVP East","SC",,"2019-11-29T08:00:00.000Z","East Sales","advisor square 110","00E5w000004erM7EAI","2019_09","RVPEast","00E5w000004erLvEAI","https://samennis-20200526-demo--c.documentforce.com/profilephoto/7295w000000W2mv/T","Government","SMB","bnorris1590550477769@demo.user","advisor square","Brian Norris","EastSales",,0,39470000,148,0
"0015w00002DFNpUAAX","00E5w000004erLxEAI/00E5w000004erM0EAI/00E5w000004erLvEAI","0065w000022R2OmAAK","Baron Group Inc","https://samennis-20200526-demo--c.documentforce.com/profilephoto/7295w000000W2ne/F","Robin Montgomery",,"2020-05-27T03:53:44.000Z","Elliot Executive","0055w00000D4KBnAAN","Robin Montgomery","Robin Montgomery","Robin Montgomery/John Chen/Elliot Executive/Sam Ennis","Elliot Executive","John Chen","Inbound Call","00E5w000004erLwEAI","Baron Group Inc","true","Low","true","RVP Central","NJ",,"2020-02-19T08:00:00.000Z","Central Sales","Baron Group Inc 118","00E5w000004erLxEAI","2019_11","RVPCentral","00E5w000004erLvEAI","https://samennis-20200526-demo--c.documentforce.com/profilephoto/7295w000000W2ne/T","Manufacturing","Corporate","rmontgom1590550477800@demo.user","Baron Group Inc","Robin Montgomery","CentralSales",,2.6203,5782000,153,3
"0015w00002DFNZQAA5","00E5w000004erM7EAI/00E5w000004erM0EAI/00E5w000004erLvEAI","0065w000022R24MAAS","InterAmerica Technologies","https://samennis-20200526-demo--c.documentforce.com/profilephoto/7295w000000W2mq/F","Alexander Cruz",,"2020-05-27T03:51:50.000Z","Alexander Cruz","0055w00000D4KBdAAN","Alexander Cruz","Alexander Cruz","Alexander Cruz/Edwin Tucker/Elliot Executive/Sam Ennis","Alexander Cruz","Edwin Tucker","Website","00E5w000004erM5EAI","InterAmerica Technologies","true","Medium","true","RVP East","MA",,"2020-05-11T07:00:00.000Z","East Sales","InterAmerica Technologies 111","00E5w000004erM7EAI","2019_11","RVPEast","00E5w000004erLvEAI","https://samennis-20200526-demo--c.documentforce.com/profilephoto/7295w000000W2mq/T","Engineering","Corporate","acruz1590550477724@demo.user","InterAmerica Technologies","Alexander Cruz","EastSales",,55.1691,4035000,86,55
"0015w00002DFNuLAAX","00E5w000004erLxEAI/00E5w000004erM0EAI/00E5w000004erLvEAI","0065w000022R2VTAA0","Georgeshao, Inc","https://samennis-20200526-demo--c.documentforce.com/profilephoto/7295w000000W2nZ/F","Michelle Stanley",,"2020-05-27T03:54:04.000Z","Elliot Executive","0055w00000D4KBrAAN","Michelle Stanley","Michelle Stanley","Michelle Stanley/John Chen/Elliot Executive/Sam Ennis","Elliot Executive","John Chen","Social Media","00E5w000004erLwEAI","Georgeshao, Inc","true","Low","true","RVP Central","NY",,"2019-06-20T07:00:00.000Z","Central Sales","Georgeshao, Inc 249","00E5w000004erLxEAI","2019_11","RVPCentral","00E5w000004erLvEAI","https://samennis-20200526-demo--c.documentforce.com/profilephoto/7295w000000W2nZ/T","Construction","Corporate","mstanley1590550477825@demo.user","Georgeshao, Inc","Michelle Stanley","CentralSales",,0,3709000,242,0
"0015w00002DFNxvAAH","00E5w000004erLxEAI/00E5w000004erM0EAI/00E5w000004erLvEAI","0065w000022R2aUAAS","Pitney Bowes Distribution Ctr","https://samennis-20200526-demo--c.documentforce.com/profilephoto/7295w000000W2ne/F","Robin Montgomery",,"2020-05-27T03:54:24.000Z","Elliot Executive","0055w00000D4KBnAAN","Robin Montgomery","Robin Montgomery","Robin Montgomery/John Chen/Elliot Executive/Sam Ennis","Elliot Executive","John Chen","Marketing Event","00E5w000004erLwEAI","Pitney Bowes Distribution Ctr","true","Low","true","RVP Central","IN",,"2019-02-18T08:00:00.000Z","Central Sales","Pitney Bowes Distribution Ctr 142","00E5w000004erLxEAI","2019_11","RVPCentral","00E5w000004erLvEAI","https://samennis-20200526-demo--c.documentforce.com/profilephoto/7295w000000W2ne/T","Chemicals","Corporate","rmontgom1590550477800@demo.user","Pitney Bowes Distribution Ctr","Robin Montgomery","CentralSales",,0,6858000,61166,0
"0015w00002DFNJBAA5","00E5w000004erLzEAI/00E5w000004erM0EAI/00E5w000004erLvEAI","0065w000022R1i9AAC","CyberTrader","https://samennis-20200526-demo--c.documentforce.com/profilephoto/7295w000000W2nP/F","Heather Greer",,"2020-05-27T03:49:30.000Z","Andrew Martin","0055w00000D4KBpAAN","Heather Greer","Heather Greer","Heather Greer/Andrew Martin/Elliot Executive/Sam Ennis","Andrew Martin","Andrew Martin","Data.com","00E5w000004erLyEAI","CyberTrader","true","Low","true","RVP West","UT",,"2019-03-03T08:00:00.000Z","West Sales","CyberTrader 38","00E5w000004erLzEAI","2019_11","RVPWest","00E5w000004erLvEAI","https://samennis-20200526-demo--c.documentforce.com/profilephoto/7295w000000W2nP/T","Recreation","Corporate","hgreer1590550477812@demo.user","CyberTrader","Heather Greer","WestSales",,19.7826,9551000,115,20
"0015w00002DFNiYAAX","00E5w000004erM7EAI/00E5w000004erM0EAI/00E5w000004erLvEAI","0065w000022R2FgAAK","Ican Software","https://samennis-20200526-demo--c.documentforce.com/profilephoto/7295w000000W2n5/F","Steven Mathis",,"2020-05-27T03:52:21.000Z","Edwin Tucker","0055w00000D4KBlAAN","Steven Mathis","Steven Mathis","Steven Mathis/Edwin Tucker/Elliot Executive/Sam Ennis","Edwin Tucker","Edwin Tucker","Referral","00E5w000004erM5EAI","Ican Software","true","Low","true","RVP East","NH",,"2019-03-05T08:00:00.000Z","East Sales","Ican Software 36","00E5w000004erM7EAI","2019_11","RVPEast","00E5w000004erLvEAI","https://samennis-20200526-demo--c.documentforce.com/profilephoto/7295w000000W2n5/T","Machinery","Corporate","smathis1590550477787@demo.user","Ican Software","Steven Mathis","EastSales",,0,7615000,148,0
"0015w00002DFNLUAA5","00E5w000004erLxEAI/00E5w000004erM0EAI/00E5w000004erLvEAI","0065w000022R1lOAAS","Arbitration Solutions","https://samennis-20200526-demo--c.documentforce.com/profilephoto/7295w000000W2nU/F","Rebecca Gonzalez",,"2020-05-27T03:49:40.000Z","Elliot Executive","0055w00000D4KBtAAN","Rebecca Gonzalez","Rebecca Gonzalez","Rebecca Gonzalez/John Chen/Elliot Executive/Sam Ennis","Elliot Executive","John Chen","Data.com","00E5w000004erLwEAI","Arbitration Solutions","true","Medium","true","RVP Central","MO",,"2019-08-20T07:00:00.000Z","Central Sales","Arbitration Solutions 38","00E5w000004erLxEAI","2019_11","RVPCentral","00E5w000004erLvEAI","https://samennis-20200526-demo--c.documentforce.com/profilephoto/7295w000000W2nU/T","Retail","Corporate","rgonzale1590550477838@demo.user","Arbitration Solutions","Rebecca Gonzalez","CentralSales",,65.0405,3532000,112,65
"0015w00002DFOD8AAP","00E5w000004erLxEAI/00E5w000004erM0EAI/00E5w000004erLvEAI","0065w000022R2tWAAS","Navagate","https://samennis-20200526-demo--c.documentforce.com/profilephoto/7295w000000W2nZ/F","Michelle Stanley",,"2020-05-27T03:56:17.000Z","Elliot Executive","0055w00000D4KBrAAN","Michelle Stanley","Michelle Stanley","Michelle Stanley/John Chen/Elliot Executive/Sam Ennis","Elliot Executive","John Chen","Cold Call","00E5w000004erLwEAI","Navagate","true","Medium","true","RVP Central","NE",,"2019-12-29T08:00:00.000Z","Central Sales","Navagate 245","00E5w000004erLxEAI","2019_11","RVPCentral","00E5w000004erLvEAI","https://samennis-20200526-demo--c.documentforce.com/profilephoto/7295w000000W2nZ/T","Education","T100","mstanley1590550477825@demo.user","Navagate","Michelle Stanley","CentralSales",,58.3333,4569487000,104162,58
"0015w00002DFO5FAAX","00E5w000004erLxEAI/00E5w000004erM0EAI/00E5w000004erLvEAI","0065w000022R2jNAAS","SendOrder.com","https://samennis-20200526-demo--c.documentforce.com/profilephoto/7295w000000W2nZ/F","Michelle Stanley",,"2020-05-27T03:54:48.000Z","Elliot Executive","0055w00000D4KBrAAN","Michelle Stanley","Michelle Stanley","Michelle Stanley/John Chen/Elliot Executive/Sam Ennis","Elliot Executive","John Chen","Marketing Event","00E5w000004erLwEAI","SendOrder.com","true","Low","true","RVP Central","LA",,"2019-09-25T07:00:00.000Z","Central Sales","SendOrder.com 251","00E5w000004erLxEAI","2019_11","RVPCentral","00E5w000004erLvEAI","https://samennis-20200526-demo--c.documentforce.com/profilephoto/7295w000000W2nZ/T","Retail","Mid-Market","mstanley1590550477825@demo.user","SendOrder.com","Michelle Stanley","CentralSales",,0,417182000,3118,0
"0015w00002DFNL0AAP","00E5w000004erLxEAI/00E5w000004erM0EAI/00E5w000004erLvEAI","0065w000022R1kiAAC","ARI Network Services","https://samennis-20200526-demo--c.documentforce.com/profilephoto/7295w000000W2mW/F","Crystal Stevens",,"2020-05-27T03:49:40.000Z","Crystal Stevens","0055w00000D4KBsAAN","Crystal Stevens","Crystal Stevens","Crystal Stevens/John Chen/Elliot Executive/Sam Ennis","Crystal Stevens","John Chen","Social Media","00E5w000004erLwEAI","ARI Network Services","true","High","true","RVP Central","KS",,"2018-08-04T07:00:00.000Z","Central Sales","ARI Network Services 243","00E5w000004erLxEAI","2019_11","RVPCentral","00E5w000004erLvEAI","https://samennis-20200526-demo--c.documentforce.com/profilephoto/7295w000000W2mW/T","Retail","Corporate","cstevens1590550477831@demo.user","ARI Network Services","Crystal Stevens","CentralSales",,133,8851000,43,133
"0015w00002DFNVjAAP","00E5w000004erLxEAI/00E5w000004erM0EAI/00E5w000004erLvEAI","0065w000022R1zVAAS","F5(formerly Uroam )(formerly Filanet Cor","https://samennis-20200526-demo--c.documentforce.com/profilephoto/7295w000000W2ne/F","Robin Montgomery",,"2020-05-27T03:51:31.000Z","Elliot Executive","0055w00000D4KBnAAN","Robin Montgomery","Robin Montgomery","Robin Montgomery/John Chen/Elliot Executive/Sam Ennis","Elliot Executive","John Chen","Website","00E5w000004erLwEAI","F5(formerly Uroam )(formerly Filanet Cor","true","Low","true","RVP Central","IN",,"2019-11-09T08:00:00.000Z","Central Sales","F5(formerly Uroam )(formerly Filanet Cor 201","00E5w000004erLxEAI","2019_12","RVPCentral","00E5w000004erLvEAI","https://samennis-20200526-demo--c.documentforce.com/profilephoto/7295w000000W2ne/T","Energy","Corporate","rmontgom1590550477800@demo.user","F5(formerly Uroam )(formerly Filanet Cor","Robin Montgomery","CentralSales",,1.3022,3359000,180,1
"0015w00002DFNxFAAX","00E5w000004erLzEAI/00E5w000004erM0EAI/00E5w000004erLvEAI","0065w000022R2ZYAA0","Palaver Communications","https://samennis-20200526-demo--c.documentforce.com/profilephoto/7295w000000W2nF/F","Mary Powers",,"2020-05-27T03:54:24.000Z","Andrew Martin","0055w00000D4KBeAAN","Mary Powers","Mary Powers","Mary Powers/Andrew Martin/Elliot Executive/Sam Ennis","Andrew Martin","Andrew Martin","Marketing Event","00E5w000004erLyEAI","Palaver Communications","true","Low","true","RVP West","UT",,"2018-10-29T07:00:00.000Z","West Sales","Palaver Communications 56","00E5w000004erLzEAI","2019_12","RVPWest","00E5w000004erLvEAI","https://samennis-20200526-demo--c.documentforce.com/profilephoto/7295w000000W2nF/T","Manufacturing","Corporate","mpowers1590550477739@demo.user","Palaver Communications","Mary Powers","WestSales",,0.4555,7054000,22491,0
"0015w00002DFNuLAAX","00E5w000004erLxEAI/00E5w000004erM0EAI/00E5w000004erLvEAI","0065w000022R2VTAA0","Georgeshao, Inc","https://samennis-20200526-demo--c.documentforce.com/profilephoto/7295w000000W2nZ/F","Michelle Stanley",,"2020-05-27T03:54:04.000Z","Elliot Executive","0055w00000D4KBrAAN","Michelle Stanley","Michelle Stanley","Michelle Stanley/John Chen/Elliot Executive/Sam Ennis","Elliot Executive","John Chen","Social Media","00E5w000004erLwEAI","Georgeshao, Inc","true","Low","true","RVP Central","NY",,"2019-06-20T07:00:00.000Z","Central Sales","Georgeshao, Inc 249","00E5w000004erLxEAI","2019_12","RVPCentral","00E5w000004erLvEAI","https://samennis-20200526-demo--c.documentforce.com/profilephoto/7295w000000W2nZ/T","Construction","Corporate","mstanley1590550477825@demo.user","Georgeshao, Inc","Michelle Stanley","CentralSales",,0,3709000,242,0
"0015w00002DFNJBAA5","00E5w000004erLzEAI/00E5w000004erM0EAI/00E5w000004erLvEAI","0065w000022R1i9AAC","CyberTrader","https://samennis-20200526-demo--c.documentforce.com/profilephoto/7295w000000W2nP/F","Heather Greer",,"2020-05-27T03:49:30.000Z","Andrew Martin","0055w00000D4KBpAAN","Heather Greer","Heather Greer","Heather Greer/Andrew Martin/Elliot Executive/Sam Ennis","Andrew Martin","Andrew Martin","Data.com","00E5w000004erLyEAI","CyberTrader","true","Low","true","RVP West","UT",,"2019-03-03T08:00:00.000Z","West Sales","CyberTrader 38","00E5w000004erLzEAI","2019_12","RVPWest","00E5w000004erLvEAI","https://samennis-20200526-demo--c.documentforce.com/profilephoto/7295w000000W2nP/T","Recreation","Corporate","hgreer1590550477812@demo.user","CyberTrader","Heather Greer","WestSales",,23.2273,9551000,115,23
"0015w00002DFO9BAAX","00E5w000004erLzEAI/00E5w000004erM0EAI/00E5w000004erLvEAI","0065w000022R2oUAAS","Yuba Heat Transfer Division","https://samennis-20200526-demo--c.documentforce.com/profilephoto/7295w000000W2nK/F","Amanda Hernandez",,"2020-05-27T03:56:04.000Z","Amanda Hernandez","0055w00000D4KBfAAN","Amanda Hernandez","Amanda Hernandez","Amanda Hernandez/Andrew Martin/Elliot Executive/Sam Ennis","Amanda Hernandez","Andrew Martin","Community","00E5w000004erLyEAI","Yuba Heat Transfer Division","true","Low","true","RVP West","AK",,"2018-06-25T07:00:00.000Z","West Sales","Yuba Heat Transfer Division 171","00E5w000004erLzEAI","2019_12","RVPWest","00E5w000004erLvEAI","https://samennis-20200526-demo--c.documentforce.com/profilephoto/7295w000000W2nK/T","Recreation","Enterprise","ahernand1590550477747@demo.user","Yuba Heat Transfer Division","Amanda Hernandez","WestSales",,2.125,1455771000,122400,2
"0015w00002DFNTJAA5","00E5w000004erLxEAI/00E5w000004erM0EAI/00E5w000004erLvEAI","0065w000022R1wGAAS","MeadWestvaco","https://samennis-20200526-demo--c.documentforce.com/profilephoto/7295w000000W2ne/F","Robin Montgomery",,"2020-05-27T03:50:14.000Z","Elliot Executive","0055w00000D4KBnAAN","Robin Montgomery","Robin Montgomery","Robin Montgomery/John Chen/Elliot Executive/Sam Ennis","Elliot Executive","John Chen","Social Media","00E5w000004erLwEAI","MeadWestvaco","true","Low","true","RVP Central","MO",,"2020-03-02T08:00:00.000Z","Central Sales","MeadWestvaco 127","00E5w000004erLxEAI","2019_12","RVPCentral","00E5w000004erLvEAI","https://samennis-20200526-demo--c.documentforce.com/profilephoto/7295w000000W2ne/T","Other","Corporate","rmontgom1590550477800@demo.user","MeadWestvaco","Robin Montgomery","CentralSales",,0,2923000,174,0
"0015w00002DFNCwAAP","00E5w000004erLzEAI/00E5w000004erM0EAI/00E5w000004erLvEAI","0065w000022R1ZTAA0","Cipient Networks Inc","https://samennis-20200526-demo--c.documentforce.com/profilephoto/7295w000000W2nF/F","Mary Powers",,"2020-05-27T03:49:09.000Z","Andrew Martin","0055w00000D4KBeAAN","Mary Powers","Mary Powers","Mary Powers/Andrew Martin/Elliot Executive/Sam Ennis","Andrew Martin","Andrew Martin","Partner","00E5w000004erLyEAI","Cipient Networks Inc","true","High","true","RVP West","WA",,"2019-08-14T07:00:00.000Z","West Sales","Cipient Networks Inc 16","00E5w000004erLzEAI","2020_01","RVPWest","00E5w000004erLvEAI","https://samennis-20200526-demo--c.documentforce.com/profilephoto/7295w000000W2nF/T","Engineering","Corporate","mpowers1590550477739@demo.user","Cipient Networks Inc","Mary Powers","WestSales",,147,7269000,245,147
"0015w00002DFNGIAA5","00E5w000004erLzEAI/00E5w000004erM0EAI/00E5w000004erLvEAI","0065w000022R1eCAAS","Transoft Networks","https://samennis-20200526-demo--c.documentforce.com/profilephoto/7295w000000W2nP/F","Heather Greer",,"2020-05-27T03:49:21.000Z","Andrew Martin","0055w00000D4KBpAAN","Heather Greer","Heather Greer","Heather Greer/Andrew Martin/Elliot Executive/Sam Ennis","Andrew Martin","Andrew Martin","Data.com","00E5w000004erLyEAI","Transoft Networks","true","Low","true","RVP West","WA",,"2020-03-02T08:00:00.000Z","West Sales","Transoft Networks 24","00E5w000004erLzEAI","2020_01","RVPWest","00E5w000004erLvEAI","https://samennis-20200526-demo--c.documentforce.com/profilephoto/7295w000000W2nP/T","Banking","Corporate","hgreer1590550477812@demo.user","Transoft Networks","Heather Greer","WestSales",,0,4868000,203,0
"0015w00002DFNTeAAP","00E5w000004erLzEAI/00E5w000004erM0EAI/00E5w000004erLvEAI","0065w000022R1wjAAC","Kenwal Steel Corp.","https://samennis-20200526-demo--c.documentforce.com/profilephoto/7295w000000W2nB/F","Meagan Blevins",,"2020-05-27T03:50:14.000Z","Andrew Martin","0055w00000D4KBhAAN","Meagan Blevins","Meagan Blevins","Meagan Blevins/Andrew Martin/Elliot Executive/Sam Ennis","Andrew Martin","Andrew Martin","Social Media","00E5w000004erLyEAI","Kenwal Steel Corp.","true","Low","true","RVP West","WA",,"2019-06-27T07:00:00.000Z","West Sales","Kenwal Steel Corp. 254","00E5w000004erLzEAI","2020_01","RVPWest","00E5w000004erLvEAI","https://samennis-20200526-demo--c.documentforce.com/profilephoto/7295w000000W2nB/T","Consulting","Corporate","mblevins1590550477762@demo.user","Kenwal Steel Corp.","Meagan Blevins","WestSales",,7,4606000,173,7
"0015w00002DFNzwAAH","00E5w000004erM7EAI/00E5w000004erM0EAI/00E5w000004erLvEAI","0065w000022R2d3AAC","advisor square","https://samennis-20200526-demo--c.documentforce.com/profilephoto/7295w000000W2mv/F","Brian Norris",,"2020-05-27T03:54:34.000Z","Brian Norris","0055w00000D4KBiAAN","Brian Norris","Brian Norris","Brian Norris/Edwin Tucker/Elliot Executive/Sam Ennis","Brian Norris","Edwin Tucker","Marketing Event","00E5w000004erM5EAI","advisor square","true","Low","true","RVP East","SC",,"2019-11-29T08:00:00.000Z","East Sales","advisor square 110","00E5w000004erM7EAI","2020_01","RVPEast","00E5w000004erLvEAI","https://samennis-20200526-demo--c.documentforce.com/profilephoto/7295w000000W2mv/T","Government","SMB","bnorris1590550477769@demo.user","advisor square","Brian Norris","EastSales",,0,39470000,148,0
"0015w00002DFOBvAAP","00E5w000004erLzEAI/00E5w000004erM0EAI/00E5w000004erLvEAI","0065w000022R2rvAAC","Autobahn Wholesale","https://samennis-20200526-demo--c.documentforce.com/profilephoto/7295w000000W2mR/F","Brandy Mullins",,"2020-05-27T03:56:17.000Z","Andrew Martin","0055w00000D4KBgAAN","Brandy Mullins","Brandy Mullins","Brandy Mullins/Andrew Martin/Elliot Executive/Sam Ennis","Andrew Martin","Andrew Martin","Referral","00E5w000004erLyEAI","Autobahn Wholesale","true","Low","true","RVP West","ID",,"2019-06-04T07:00:00.000Z","West Sales","Autobahn Wholesale 157","00E5w000004erLzEAI","2020_01","RVPWest","00E5w000004erLvEAI","https://samennis-20200526-demo--c.documentforce.com/profilephoto/7295w000000W2mR/T","Insurance","T100","bmullins1590550477755@demo.user","Autobahn Wholesale","Brandy Mullins","WestSales",,2.625,6189411000,1418,3
"0015w00002DFNxFAAX","00E5w000004erLzEAI/00E5w000004erM0EAI/00E5w000004erLvEAI","0065w000022R2ZYAA0","Palaver Communications","https://samennis-20200526-demo--c.documentforce.com/profilephoto/7295w000000W2nF/F","Mary Powers",,"2020-05-27T03:54:24.000Z","Andrew Martin","0055w00000D4KBeAAN","Mary Powers","Mary Powers","Mary Powers/Andrew Martin/Elliot Executive/Sam Ennis","Andrew Martin","Andrew Martin","Marketing Event","00E5w000004erLyEAI","Palaver Communications","true","Low","true","RVP West","UT",,"2018-10-29T07:00:00.000Z","West Sales","Palaver Communications 56","00E5w000004erLzEAI","2020_02","RVPWest","00E5w000004erLvEAI","https://samennis-20200526-demo--c.documentforce.com/profilephoto/7295w000000W2nF/T","Manufacturing","Corporate","mpowers1590550477739@demo.user","Palaver Communications","Mary Powers","WestSales",,1.4585,7054000,22491,1
"0015w00002DFNewAAH","00E5w000004erM7EAI/00E5w000004erM0EAI/00E5w000004erLvEAI","0065w000022R2B9AAK","Carpet One","https://samennis-20200526-demo--c.documentforce.com/profilephoto/7295w000000W2n5/F","Steven Mathis",,"2020-05-27T03:52:11.000Z","Edwin Tucker","0055w00000D4KBlAAN","Steven Mathis","Steven Mathis","Steven Mathis/Edwin Tucker/Elliot Executive/Sam Ennis","Edwin Tucker","Edwin Tucker","Cold Call","00E5w000004erM5EAI","Carpet One","true","Low","true","RVP East","VT",,"2018-08-14T07:00:00.000Z","East Sales","Carpet One 18","00E5w000004erM7EAI","2020_02","RVPEast","00E5w000004erLvEAI","https://samennis-20200526-demo--c.documentforce.com/profilephoto/7295w000000W2n5/T","Apparel","Corporate","smathis1590550477787@demo.user","Carpet One","Steven Mathis","EastSales",,1.5556,7924000,77,2
"0015w00002DFNVoAAP","00E5w000004erLzEAI/00E5w000004erM0EAI/00E5w000004erLvEAI","0065w000022R1zaAAC","Torto Wheaton Research","https://samennis-20200526-demo--c.documentforce.com/profilephoto/7295w000000W2nK/F","Amanda Hernandez",,"2020-05-27T03:51:31.000Z","Amanda Hernandez","0055w00000D4KBfAAN","Amanda Hernandez","Amanda Hernandez","Amanda Hernandez/Andrew Martin/Elliot Executive/Sam Ennis","Amanda Hernandez","Andrew Martin","Community","00E5w000004erLyEAI","Torto Wheaton Research","true","Low","true","RVP West","UT",,"2019-05-29T07:00:00.000Z","West Sales","Torto Wheaton Research 34","00E5w000004erLzEAI","2020_02","RVPWest","00E5w000004erLvEAI","https://samennis-20200526-demo--c.documentforce.com/profilephoto/7295w000000W2nK/T","Telecommunications","Corporate","ahernand1590550477747@demo.user","Torto Wheaton Research","Amanda Hernandez","WestSales",,21.3182,7306000,75,21
"0015w00002DFO7xAAH","00E5w000004erLxEAI/00E5w000004erM0EAI/00E5w000004erLvEAI","0065w000022R2mzAAC","John Q. Hammons Hotels","https://samennis-20200526-demo--c.documentforce.com/profilephoto/7295w000000W2mW/F","Crystal Stevens",,"2020-05-27T03:55:53.000Z","Crystal Stevens","0055w00000D4KBsAAN","Crystal Stevens","Crystal Stevens","Crystal Stevens/John Chen/Elliot Executive/Sam Ennis","Crystal Stevens","John Chen","Community","00E5w000004erLwEAI","John Q. Hammons Hotels","true","Low","true","RVP Central","NY",,"2020-02-19T08:00:00.000Z","Central Sales","John Q. Hammons Hotels 236","00E5w000004erLxEAI","2020_02","RVPCentral","00E5w000004erLvEAI","https://samennis-20200526-demo--c.documentforce.com/profilephoto/7295w000000W2mW/T","Machinery","Enterprise","cstevens1590550477831@demo.user","John Q. Hammons Hotels","Crystal Stevens","CentralSales",,0,1848259000,3821,0
"0015w00002DFNGIAA5","00E5w000004erLzEAI/00E5w000004erM0EAI/00E5w000004erLvEAI","0065w000022R1eCAAS","Transoft Networks","https://samennis-20200526-demo--c.documentforce.com/profilephoto/7295w000000W2nP/F","Heather Greer",,"2020-05-27T03:49:21.000Z","Andrew Martin","0055w00000D4KBpAAN","Heather Greer","Heather Greer","Heather Greer/Andrew Martin/Elliot Executive/Sam Ennis","Andrew Martin","Andrew Martin","Data.com","00E5w000004erLyEAI","Transoft Networks","true","Low","true","RVP West","WA",,"2020-03-02T08:00:00.000Z","West Sales","Transoft Networks 24","00E5w000004erLzEAI","2020_02","RVPWest","00E5w000004erLvEAI","https://samennis-20200526-demo--c.documentforce.com/profilephoto/7295w000000W2nP/T","Banking","Corporate","hgreer1590550477812@demo.user","Transoft Networks","Heather Greer","WestSales",,0,4868000,203,0
"0015w00002DFNDLAA5","00E5w000004erLzEAI/00E5w000004erM0EAI/00E5w000004erLvEAI","0065w000022R1a4AAC","Gas Equipment Company","https://samennis-20200526-demo--c.documentforce.com/profilephoto/7295w000000W2nK/F","Amanda Hernandez",,"2020-05-27T03:49:09.000Z","Amanda Hernandez","0055w00000D4KBfAAN","Amanda Hernandez","Amanda Hernandez","Amanda Hernandez/Andrew Martin/Elliot Executive/Sam Ennis","Amanda Hernandez","Andrew Martin","Social Media","00E5w000004erLyEAI","Gas Equipment Company","true","Low","true","RVP West","WY",,"2018-07-14T07:00:00.000Z","West Sales","Gas Equipment Company 78","00E5w000004erLzEAI","2020_02","RVPWest","00E5w000004erLvEAI","https://samennis-20200526-demo--c.documentforce.com/profilephoto/7295w000000W2nK/T","Electronics","Corporate","ahernand1590550477747@demo.user","Gas Equipment Company","Amanda Hernandez","WestSales",,24.5,8657000,46,25
"0015w00002DFNTJAA5","00E5w000004erLxEAI/00E5w000004erM0EAI/00E5w000004erLvEAI","0065w000022R1wGAAS","MeadWestvaco","https://samennis-20200526-demo--c.documentforce.com/profilephoto/7295w000000W2ne/F","Robin Montgomery",,"2020-05-27T03:50:14.000Z","Elliot Executive","0055w00000D4KBnAAN","Robin Montgomery","Robin Montgomery","Robin Montgomery/John Chen/Elliot Executive/Sam Ennis","Elliot Executive","John Chen","Social Media","00E5w000004erLwEAI","MeadWestvaco","true","Low","true","RVP Central","MO",,"2020-03-02T08:00:00.000Z","Central Sales","MeadWestvaco 127","00E5w000004erLxEAI","2020_02","RVPCentral","00E5w000004erLvEAI","https://samennis-20200526-demo--c.documentforce.com/profilephoto/7295w000000W2ne/T","Other","Corporate","rmontgom1590550477800@demo.user","MeadWestvaco","Robin Montgomery","CentralSales",,21,2923000,174,21
"0015w00002DFNewAAH","00E5w000004erM7EAI/00E5w000004erM0EAI/00E5w000004erLvEAI","0065w000022R2B9AAK","Carpet One","https://samennis-20200526-demo--c.documentforce.com/profilephoto/7295w000000W2n5/F","Steven Mathis",,"2020-05-27T03:52:11.000Z","Edwin Tucker","0055w00000D4KBlAAN","Steven Mathis","Steven Mathis","Steven Mathis/Edwin Tucker/Elliot Executive/Sam Ennis","Edwin Tucker","Edwin Tucker","Cold Call","00E5w000004erM5EAI","Carpet One","true","Low","true","RVP East","VT",,"2018-08-14T07:00:00.000Z","East Sales","Carpet One 18","00E5w000004erM7EAI","2020_03","RVPEast","00E5w000004erLvEAI","https://samennis-20200526-demo--c.documentforce.com/profilephoto/7295w000000W2n5/T","Apparel","Corporate","smathis1590550477787@demo.user","Carpet One","Steven Mathis","EastSales",,0,7924000,77,0
"0015w00002DFNJEAA5","00E5w000004erLzEAI/00E5w000004erM0EAI/00E5w000004erLvEAI","0065w000022R1iCAAS","WCOIL   Ltd","https://samennis-20200526-demo--c.documentforce.com/profilephoto/7295w000000W2nK/F","Amanda Hernandez",,"2020-05-27T03:49:30.000Z","Amanda Hernandez","0055w00000D4KBfAAN","Amanda Hernandez","Amanda Hernandez","Amanda Hernandez/Andrew Martin/Elliot Executive/Sam Ennis","Amanda Hernandez","Andrew Martin","Inbound Call","00E5w000004erLyEAI","WCOIL   Ltd","true","High","true","RVP West","WA",,"2020-01-31T08:00:00.000Z","West Sales","WCOIL   Ltd 148","00E5w000004erLzEAI","2020_03","RVPWest","00E5w000004erLvEAI","https://samennis-20200526-demo--c.documentforce.com/profilephoto/7295w000000W2nK/T","Chemicals","Corporate","ahernand1590550477747@demo.user","WCOIL   Ltd","Amanda Hernandez","WestSales",,118.0331,2181000,159,118
"0015w00002DFNZQAA5","00E5w000004erM7EAI/00E5w000004erM0EAI/00E5w000004erLvEAI","0065w000022R24MAAS","InterAmerica Technologies","https://samennis-20200526-demo--c.documentforce.com/profilephoto/7295w000000W2mq/F","Alexander Cruz",,"2020-05-27T03:51:50.000Z","Alexander Cruz","0055w00000D4KBdAAN","Alexander Cruz","Alexander Cruz","Alexander Cruz/Edwin Tucker/Elliot Executive/Sam Ennis","Alexander Cruz","Edwin Tucker","Website","00E5w000004erM5EAI","InterAmerica Technologies","true","High","true","RVP East","MA",,"2020-05-11T07:00:00.000Z","East Sales","InterAmerica Technologies 111","00E5w000004erM7EAI","2020_03","RVPEast","00E5w000004erLvEAI","https://samennis-20200526-demo--c.documentforce.com/profilephoto/7295w000000W2mq/T","Engineering","Corporate","acruz1590550477724@demo.user","InterAmerica Technologies","Alexander Cruz","EastSales",,156.3921,4035000,86,156
"0015w00002DFNM0AAP","00E5w000004erLzEAI/00E5w000004erM0EAI/00E5w000004erLvEAI","0065w000022R1m3AAC","adeptive.com","https://samennis-20200526-demo--c.documentforce.com/profilephoto/7295w000000W2nF/F","Mary Powers",,"2020-05-27T03:49:40.000Z","Andrew Martin","0055w00000D4KBeAAN","Mary Powers","Mary Powers","Mary Powers/Andrew Martin/Elliot Executive/Sam Ennis","Andrew Martin","Andrew Martin","Community","00E5w000004erLyEAI","adeptive.com","true","Low","true","RVP West","WA",,"2018-08-03T07:00:00.000Z","West Sales","adeptive.com 123","00E5w000004erLzEAI","2020_03","RVPWest","00E5w000004erLvEAI","https://samennis-20200526-demo--c.documentforce.com/profilephoto/7295w000000W2nF/T","Shipping","Corporate","mpowers1590550477739@demo.user","adeptive.com","Mary Powers","WestSales",,7.7241,9093000,176,8
"0015w00002DFNlMAAX","00E5w000004erLxEAI/00E5w000004erM0EAI/00E5w000004erLvEAI","0065w000022R2JWAA0","NYSE Governance Services","https://samennis-20200526-demo--c.documentforce.com/profilephoto/7295w000000W2mb/F","Theresa Jones",,"2020-05-27T03:52:30.000Z","Elliot Executive","0055w00000D4KBoAAN","Theresa Jones","Theresa Jones","Theresa Jones/John Chen/Elliot Executive/Sam Ennis","Elliot Executive","John Chen","Website","00E5w000004erLwEAI","NYSE Governance Services","true","High","true","RVP Central","AR",,"2018-12-15T08:00:00.000Z","Central Sales","NYSE Governance Services 170","00E5w000004erLxEAI","2020_03","RVPCentral","00E5w000004erLvEAI","https://samennis-20200526-demo--c.documentforce.com/profilephoto/7295w000000W2mb/T","Insurance","Corporate","tjones1590550477806@demo.user","NYSE Governance Services","Theresa Jones","CentralSales",,141.7057,7299000,62,142
"0015w00002DFNEmAAP","00E5w000004erLzEAI/00E5w000004erM0EAI/00E5w000004erLvEAI","0065w000022R1c5AAC","Micromenders","https://samennis-20200526-demo--c.documentforce.com/profilephoto/7295w000000W2mR/F","Brandy Mullins",,"2020-05-27T03:49:09.000Z","Andrew Martin","0055w00000D4KBgAAN","Brandy Mullins","Brandy Mullins","Brandy Mullins/Andrew Martin/Elliot Executive/Sam Ennis","Andrew Martin","Andrew Martin","Data.com","00E5w000004erLyEAI","Micromenders","true","Medium","true","RVP West","HI",,"2018-10-11T07:00:00.000Z","West Sales","Micromenders 246","00E5w000004erLzEAI","2020_03","RVPWest","00E5w000004erLvEAI","https://samennis-20200526-demo--c.documentforce.com/profilephoto/7295w000000W2mR/T","Consulting","Corporate","bmullins1590550477755@demo.user","Micromenders","Brandy Mullins","WestSales",,77.0809,9929000,52,77
"0015w00002DFNI4AAP","00E5w000004erLzEAI/00E5w000004erM0EAI/00E5w000004erLvEAI","0065w000022R1gbAAC","Toledo Medical Imaging","https://samennis-20200526-demo--c.documentforce.com/profilephoto/7295w000000W2nF/F","Mary Powers",,"2020-05-27T03:49:30.000Z","Andrew Martin","0055w00000D4KBeAAN","Mary Powers","Mary Powers","Mary Powers/Andrew Martin/Elliot Executive/Sam Ennis","Andrew Martin","Andrew Martin","Referral","00E5w000004erLyEAI","Toledo Medical Imaging","true","Medium","true","RVP West","AK",,"2019-05-11T07:00:00.000Z","West Sales","Toledo Medical Imaging 133","00E5w000004erLzEAI","2020_03","RVPWest","00E5w000004erLvEAI","https://samennis-20200526-demo--c.documentforce.com/profilephoto/7295w000000W2nF/T","Consulting","Corporate","mpowers1590550477739@demo.user","Toledo Medical Imaging","Mary Powers","WestSales",,71.6222,4289000,124,72
"0015w00002DFNsbAAH","00E5w000004erLzEAI/00E5w000004erM0EAI/00E5w000004erLvEAI","0065w000022R2T5AAK","GENCO Distribution System","https://samennis-20200526-demo--c.documentforce.com/profilephoto/7295w000000W2nF/F","Mary Powers",,"2020-05-27T03:54:04.000Z","Andrew Martin","0055w00000D4KBeAAN","Mary Powers","Mary Powers","Mary Powers/Andrew Martin/Elliot Executive/Sam Ennis","Andrew Martin","Andrew Martin","Social Media","00E5w000004erLyEAI","GENCO Distribution System","true","Low","true","RVP West","AZ",,"2019-11-08T08:00:00.000Z","West Sales","GENCO Distribution System 1","00E5w000004erLzEAI","2020_03","RVPWest","00E5w000004erLvEAI","https://samennis-20200526-demo--c.documentforce.com/profilephoto/7295w000000W2nF/T","Energy","Corporate","mpowers1590550477739@demo.user","GENCO Distribution System","Mary Powers","WestSales",,0,8919000,164,0
"0015w00002DFNTeAAP","00E5w000004erLzEAI/00E5w000004erM0EAI/00E5w000004erLvEAI","0065w000022R1wjAAC","Kenwal Steel Corp.","https://samennis-20200526-demo--c.documentforce.com/profilephoto/7295w000000W2nB/F","Meagan Blevins",,"2020-05-27T03:50:14.000Z","Andrew Martin","0055w00000D4KBhAAN","Meagan Blevins","Meagan Blevins","Meagan Blevins/Andrew Martin/Elliot Executive/Sam Ennis","Andrew Martin","Andrew Martin","Social Media","00E5w000004erLyEAI","Kenwal Steel Corp.","true","Low","true","RVP West","WA",,"2019-06-27T07:00:00.000Z","West Sales","Kenwal Steel Corp. 254","00E5w000004erLzEAI","2020_03","RVPWest","00E5w000004erLvEAI","https://samennis-20200526-demo--c.documentforce.com/profilephoto/7295w000000W2nB/T","Consulting","Corporate","mblevins1590550477762@demo.user","Kenwal Steel Corp.","Meagan Blevins","WestSales",,7,4606000,173,7
"0015w00002DFOBvAAP","00E5w000004erLzEAI/00E5w000004erM0EAI/00E5w000004erLvEAI","0065w000022R2rvAAC","Autobahn Wholesale","https://samennis-20200526-demo--c.documentforce.com/profilephoto/7295w000000W2mR/F","Brandy Mullins",,"2020-05-27T03:56:17.000Z","Andrew Martin","0055w00000D4KBgAAN","Brandy Mullins","Brandy Mullins","Brandy Mullins/Andrew Martin/Elliot Executive/Sam Ennis","Andrew Martin","Andrew Martin","Referral","00E5w000004erLyEAI","Autobahn Wholesale","true","Low","true","RVP West","ID",,"2019-06-04T07:00:00.000Z","West Sales","Autobahn Wholesale 157","00E5w000004erLzEAI","2020_03","RVPWest","00E5w000004erLvEAI","https://samennis-20200526-demo--c.documentforce.com/profilephoto/7295w000000W2mR/T","Insurance","T100","bmullins1590550477755@demo.user","Autobahn Wholesale","Brandy Mullins","WestSales",,0,6189411000,1418,0
"0015w00002DFNewAAH","00E5w000004erM7EAI/00E5w000004erM0EAI/00E5w000004erLvEAI","0065w000022R2B9AAK","Carpet One","https://samennis-20200526-demo--c.documentforce.com/profilephoto/7295w000000W2n5/F","Steven Mathis",,"2020-05-27T03:52:11.000Z","Edwin Tucker","0055w00000D4KBlAAN","Steven Mathis","Steven Mathis","Steven Mathis/Edwin Tucker/Elliot Executive/Sam Ennis","Edwin Tucker","Edwin Tucker","Cold Call","00E5w000004erM5EAI","Carpet One","true","Low","true","RVP East","VT",,"2018-08-14T07:00:00.000Z","East Sales","Carpet One 18","00E5w000004erM7EAI","2019_04","RVPEast","00E5w000004erLvEAI","https://samennis-20200526-demo--c.documentforce.com/profilephoto/7295w000000W2n5/T","Apparel","Corporate","smathis1590550477787@demo.user","Carpet One","Steven Mathis","EastSales",,0,7924000,77,0
"0015w00002DFNpUAAX","00E5w000004erLxEAI/00E5w000004erM0EAI/00E5w000004erLvEAI","0065w000022R2OmAAK","Baron Group Inc","https://samennis-20200526-demo--c.documentforce.com/profilephoto/7295w000000W2ne/F","Robin Montgomery",,"2020-05-27T03:53:44.000Z","Elliot Executive","0055w00000D4KBnAAN","Robin Montgomery","Robin Montgomery","Robin Montgomery/John Chen/Elliot Executive/Sam Ennis","Elliot Executive","John Chen","Inbound Call","00E5w000004erLwEAI","Baron Group Inc","true","Low","true","RVP Central","NJ",,"2020-02-19T08:00:00.000Z","Central Sales","Baron Group Inc 118","00E5w000004erLxEAI","2019_04","RVPCentral","00E5w000004erLvEAI","https://samennis-20200526-demo--c.documentforce.com/profilephoto/7295w000000W2ne/T","Manufacturing","Corporate","rmontgom1590550477800@demo.user","Baron Group Inc","Robin Montgomery","CentralSales",,3.1719,5782000,153,3
"0015w00002DFOCHAA5","00E5w000004erLzEAI/00E5w000004erM0EAI/00E5w000004erLvEAI","0065w000022R2sNAAS","Unitus Leadership Systems","https://samennis-20200526-demo--c.documentforce.com/profilephoto/7295w000000W2nP/F","Heather Greer",,"2020-05-27T03:56:17.000Z","Andrew Martin","0055w00000D4KBpAAN","Heather Greer","Heather Greer","Heather Greer/Andrew Martin/Elliot Executive/Sam Ennis","Andrew Martin","Andrew Martin","Cold Call","00E5w000004erLyEAI","Unitus Leadership Systems","true","Low","true","RVP West","MT",,"2018-08-27T07:00:00.000Z","West Sales","Unitus Leadership Systems 61","00E5w000004erLzEAI","2019_04","RVPWest","00E5w000004erLvEAI","https://samennis-20200526-demo--c.documentforce.com/profilephoto/7295w000000W2nP/T","Transportation","T100","hgreer1590550477812@demo.user","Unitus Leadership Systems","Heather Greer","WestSales",,25.0152,4343760000,22732,25
"0015w00002DFNVoAAP","00E5w000004erLzEAI/00E5w000004erM0EAI/00E5w000004erLvEAI","0065w000022R1zaAAC","Torto Wheaton Research","https://samennis-20200526-demo--c.documentforce.com/profilephoto/7295w000000W2nK/F","Amanda Hernandez",,"2020-05-27T03:51:31.000Z","Amanda Hernandez","0055w00000D4KBfAAN","Amanda Hernandez","Amanda Hernandez","Amanda Hernandez/Andrew Martin/Elliot Executive/Sam Ennis","Amanda Hernandez","Andrew Martin","Community","00E5w000004erLyEAI","Torto Wheaton Research","true","Low","true","RVP West","UT",,"2019-05-29T07:00:00.000Z","West Sales","Torto Wheaton Research 34","00E5w000004erLzEAI","2019_04","RVPWest","00E5w000004erLvEAI","https://samennis-20200526-demo--c.documentforce.com/profilephoto/7295w000000W2nK/T","Telecommunications","Corporate","ahernand1590550477747@demo.user","Torto Wheaton Research","Amanda Hernandez","WestSales",,27.125,7306000,75,27
"0015w00002DFNEmAAP","00E5w000004erLzEAI/00E5w000004erM0EAI/00E5w000004erLvEAI","0065w000022R1c5AAC","Micromenders","https://samennis-20200526-demo--c.documentforce.com/profilephoto/7295w000000W2mR/F","Brandy Mullins",,"2020-05-27T03:49:09.000Z","Andrew Martin","0055w00000D4KBgAAN","Brandy Mullins","Brandy Mullins","Brandy Mullins/Andrew Martin/Elliot Executive/Sam Ennis","Andrew Martin","Andrew Martin","Data.com","00E5w000004erLyEAI","Micromenders","true","Medium","true","RVP West","HI",,"2018-10-11T07:00:00.000Z","West Sales","Micromenders 246","00E5w000004erLzEAI","2019_04","RVPWest","00E5w000004erLvEAI","https://samennis-20200526-demo--c.documentforce.com/profilephoto/7295w000000W2mR/T","Consulting","Corporate","bmullins1590550477755@demo.user","Micromenders","Brandy Mullins","WestSales",,55.5342,9929000,52,56
"0015w00002DFNCwAAP","00E5w000004erLzEAI/00E5w000004erM0EAI/00E5w000004erLvEAI","0065w000022R1ZTAA0","Cipient Networks Inc","https://samennis-20200526-demo--c.documentforce.com/profilephoto/7295w000000W2nF/F","Mary Powers",,"2020-05-27T03:49:09.000Z","Andrew Martin","0055w00000D4KBeAAN","Mary Powers","Mary Powers","Mary Powers/Andrew Martin/Elliot Executive/Sam Ennis","Andrew Martin","Andrew Martin","Partner","00E5w000004erLyEAI","Cipient Networks Inc","true","High","true","RVP West","WA",,"2019-08-14T07:00:00.000Z","West Sales","Cipient Networks Inc 16","00E5w000004erLzEAI","2019_04","RVPWest","00E5w000004erLvEAI","https://samennis-20200526-demo--c.documentforce.com/profilephoto/7295w000000W2nF/T","Engineering","Corporate","mpowers1590550477739@demo.user","Cipient Networks Inc","Mary Powers","WestSales",,131.1579,7269000,245,131
"0015w00002DFNLUAA5","00E5w000004erLxEAI/00E5w000004erM0EAI/00E5w000004erLvEAI","0065w000022R1lOAAS","Arbitration Solutions","https://samennis-20200526-demo--c.documentforce.com/profilephoto/7295w000000W2nU/F","Rebecca Gonzalez",,"2020-05-27T03:49:40.000Z","Elliot Executive","0055w00000D4KBtAAN","Rebecca Gonzalez","Rebecca Gonzalez","Rebecca Gonzalez/John Chen/Elliot Executive/Sam Ennis","Elliot Executive","John Chen","Data.com","00E5w000004erLwEAI","Arbitration Solutions","true","Medium","true","RVP Central","MO",,"2019-08-20T07:00:00.000Z","Central Sales","Arbitration Solutions 38","00E5w000004erLxEAI","2019_04","RVPCentral","00E5w000004erLvEAI","https://samennis-20200526-demo--c.documentforce.com/profilephoto/7295w000000W2nU/T","Retail","Corporate","rgonzale1590550477838@demo.user","Arbitration Solutions","Rebecca Gonzalez","CentralSales",,56.0395,3532000,112,56
"0015w00002DFNWZAA5","00E5w000004erLxEAI/00E5w000004erM0EAI/00E5w000004erLvEAI","0065w000022R20cAAC","Telex Communications","https://samennis-20200526-demo--c.documentforce.com/profilephoto/7295w000000W2nU/F","Rebecca Gonzalez",,"2020-05-27T03:51:31.000Z","Elliot Executive","0055w00000D4KBtAAN","Rebecca Gonzalez","Rebecca Gonzalez","Rebecca Gonzalez/John Chen/Elliot Executive/Sam Ennis","Elliot Executive","John Chen","Data.com","00E5w000004erLwEAI","Telex Communications","true","Low","true","RVP Central","IL",,"2019-08-10T07:00:00.000Z","Central Sales","Telex Communications 255","00E5w000004erLxEAI","2019_04","RVPCentral","00E5w000004erLvEAI","https://samennis-20200526-demo--c.documentforce.com/profilephoto/7295w000000W2nU/T","Transportation","Corporate","rgonzale1590550477838@demo.user","Telex Communications","Rebecca Gonzalez","CentralSales",,0,3255000,175,0
"0015w00002DFOCUAA5","00E5w000004erLzEAI/00E5w000004erM0EAI/00E5w000004erLvEAI","0065w000022R2shAAC","eB2X","https://samennis-20200526-demo--c.documentforce.com/profilephoto/7295w000000W2nF/F","Mary Powers",,"2020-05-27T03:56:17.000Z","Andrew Martin","0055w00000D4KBeAAN","Mary Powers","Mary Powers","Mary Powers/Andrew Martin/Elliot Executive/Sam Ennis","Andrew Martin","Andrew Martin","Social Media","00E5w000004erLyEAI","eB2X","true","High","true","RVP West","NV",,"2020-02-16T08:00:00.000Z","West Sales","eB2X 74","00E5w000004erLzEAI","2019_04","RVPWest","00E5w000004erLvEAI","https://samennis-20200526-demo--c.documentforce.com/profilephoto/7295w000000W2nF/T","Shipping","T100","mpowers1590550477739@demo.user","eB2X","Mary Powers","WestSales",,1709.274,7487020000,19970,1709
"0015w00002DFNxFAAX","00E5w000004erLzEAI/00E5w000004erM0EAI/00E5w000004erLvEAI","0065w000022R2ZYAA0","Palaver Communications","https://samennis-20200526-demo--c.documentforce.com/profilephoto/7295w000000W2nF/F","Mary Powers",,"2020-05-27T03:54:24.000Z","Andrew Martin","0055w00000D4KBeAAN","Mary Powers","Mary Powers","Mary Powers/Andrew Martin/Elliot Executive/Sam Ennis","Andrew Martin","Andrew Martin","Marketing Event","00E5w000004erLyEAI","Palaver Communications","true","Low","true","RVP West","UT",,"2018-10-29T07:00:00.000Z","West Sales","Palaver Communications 56","00E5w000004erLzEAI","2019_05","RVPWest","00E5w000004erLvEAI","https://samennis-20200526-demo--c.documentforce.com/profilephoto/7295w000000W2nF/T","Manufacturing","Corporate","mpowers1590550477739@demo.user","Palaver Communications","Mary Powers","WestSales",,0.7382,7054000,22491,1
"0015w00002DFNZQAA5","00E5w000004erM7EAI/00E5w000004erM0EAI/00E5w000004erLvEAI","0065w000022R24MAAS","InterAmerica Technologies","https://samennis-20200526-demo--c.documentforce.com/profilephoto/7295w000000W2mq/F","Alexander Cruz",,"2020-05-27T03:51:50.000Z","Alexander Cruz","0055w00000D4KBdAAN","Alexander Cruz","Alexander Cruz","Alexander Cruz/Edwin Tucker/Elliot Executive/Sam Ennis","Alexander Cruz","Edwin Tucker","Website","00E5w000004erM5EAI","InterAmerica Technologies","true","Medium","true","RVP East","MA",,"2020-05-11T07:00:00.000Z","East Sales","InterAmerica Technologies 111","00E5w000004erM7EAI","2019_05","RVPEast","00E5w000004erLvEAI","https://samennis-20200526-demo--c.documentforce.com/profilephoto/7295w000000W2mq/T","Engineering","Corporate","acruz1590550477724@demo.user","InterAmerica Technologies","Alexander Cruz","EastSales",,58.0358,4035000,86,58
"0015w00002DFOCHAA5","00E5w000004erLzEAI/00E5w000004erM0EAI/00E5w000004erLvEAI","0065w000022R2sNAAS","Unitus Leadership Systems","https://samennis-20200526-demo--c.documentforce.com/profilephoto/7295w000000W2nP/F","Heather Greer",,"2020-05-27T03:56:17.000Z","Andrew Martin","0055w00000D4KBpAAN","Heather Greer","Heather Greer","Heather Greer/Andrew Martin/Elliot Executive/Sam Ennis","Andrew Martin","Andrew Martin","Cold Call","00E5w000004erLyEAI","Unitus Leadership Systems","true","Low","true","RVP West","MT",,"2018-08-27T07:00:00.000Z","West Sales","Unitus Leadership Systems 61","00E5w000004erLzEAI","2019_05","RVPWest","00E5w000004erLvEAI","https://samennis-20200526-demo--c.documentforce.com/profilephoto/7295w000000W2nP/T","Transportation","T100","hgreer1590550477812@demo.user","Unitus Leadership Systems","Heather Greer","WestSales",,24.7688,4343760000,22732,25
"0015w00002DFNCwAAP","00E5w000004erLzEAI/00E5w000004erM0EAI/00E5w000004erLvEAI","0065w000022R1ZTAA0","Cipient Networks Inc","https://samennis-20200526-demo--c.documentforce.com/profilephoto/7295w000000W2nF/F","Mary Powers",,"2020-05-27T03:49:09.000Z","Andrew Martin","0055w00000D4KBeAAN","Mary Powers","Mary Powers","Mary Powers/Andrew Martin/Elliot Executive/Sam Ennis","Andrew Martin","Andrew Martin","Partner","00E5w000004erLyEAI","Cipient Networks Inc","true","Medium","true","RVP West","WA",,"2019-08-14T07:00:00.000Z","West Sales","Cipient Networks Inc 16","00E5w000004erLzEAI","2019_05","RVPWest","00E5w000004erLvEAI","https://samennis-20200526-demo--c.documentforce.com/profilephoto/7295w000000W2nF/T","Engineering","Corporate","mpowers1590550477739@demo.user","Cipient Networks Inc","Mary Powers","WestSales",,90.9077,7269000,245,91
"0015w00002DFO9uAAH","00E5w000004erLxEAI/00E5w000004erM0EAI/00E5w000004erLvEAI","0065w000022R2pOAAS","Johns-Byrne Company","https://samennis-20200526-demo--c.documentforce.com/profilephoto/7295w000000W2mW/F","Crystal Stevens",,"2020-05-27T03:56:04.000Z","Crystal Stevens","0055w00000D4KBsAAN","Crystal Stevens","Crystal Stevens","Crystal Stevens/John Chen/Elliot Executive/Sam Ennis","Crystal Stevens","John Chen","Partner","00E5w000004erLwEAI","Johns-Byrne Company","true","Low","true","RVP Central","NJ",,"2019-03-04T08:00:00.000Z","Central Sales","Johns-Byrne Company 20","00E5w000004erLxEAI","2019_05","RVPCentral","00E5w000004erLvEAI","https://samennis-20200526-demo--c.documentforce.com/profilephoto/7295w000000W2mW/T","Healthcare & Life Sciences","Enterprise","cstevens1590550477831@demo.user","Johns-Byrne Company","Crystal Stevens","CentralSales",,0,1692396000,90653,0
"0015w00002DFNjeAAH","00E5w000004erLxEAI/00E5w000004erM0EAI/00E5w000004erLvEAI","0065w000022R2H9AAK","Intelsat Corporation","https://samennis-20200526-demo--c.documentforce.com/profilephoto/7295w000000W2nZ/F","Michelle Stanley",,"2020-05-27T03:52:30.000Z","Elliot Executive","0055w00000D4KBrAAN","Michelle Stanley","Michelle Stanley","Michelle Stanley/John Chen/Elliot Executive/Sam Ennis","Elliot Executive","John Chen","Marketing Event","00E5w000004erLwEAI","Intelsat Corporation","true","High","true","RVP Central","LA",,"2019-05-26T07:00:00.000Z","Central Sales","Intelsat Corporation 11","00E5w000004erLxEAI","2019_06","RVPCentral","00E5w000004erLvEAI","https://samennis-20200526-demo--c.documentforce.com/profilephoto/7295w000000W2nZ/T","Education","Corporate","mstanley1590550477825@demo.user","Intelsat Corporation","Michelle Stanley","CentralSales",,265.85,8056000,178,266
"0015w00002DFNWGAA5","00E5w000004erLxEAI/00E5w000004erM0EAI/00E5w000004erLvEAI","0065w000022R208AAC","Celebrate As One","https://samennis-20200526-demo--c.documentforce.com/profilephoto/7295w000000W2nU/F","Rebecca Gonzalez",,"2020-05-27T03:51:31.000Z","Elliot Executive","0055w00000D4KBtAAN","Rebecca Gonzalez","Rebecca Gonzalez","Rebecca Gonzalez/John Chen/Elliot Executive/Sam Ennis","Elliot Executive","John Chen","Inbound Call","00E5w000004erLwEAI","Celebrate As One","true","Low","true","RVP Central","OH",,"2019-01-04T08:00:00.000Z","Central Sales","Celebrate As One 181","00E5w000004erLxEAI","2019_06","RVPCentral","00E5w000004erLvEAI","https://samennis-20200526-demo--c.documentforce.com/profilephoto/7295w000000W2nU/T","Energy","Corporate","rgonzale1590550477838@demo.user","Celebrate As One","Rebecca Gonzalez","CentralSales",,5.2976,5907000,182,5
"0015w00002DFNVjAAP","00E5w000004erLxEAI/00E5w000004erM0EAI/00E5w000004erLvEAI","0065w000022R1zVAAS","F5(formerly Uroam )(formerly Filanet Cor","https://samennis-20200526-demo--c.documentforce.com/profilephoto/7295w000000W2ne/F","Robin Montgomery",,"2020-05-27T03:51:31.000Z","Elliot Executive","0055w00000D4KBnAAN","Robin Montgomery","Robin Montgomery","Robin Montgomery/John Chen/Elliot Executive/Sam Ennis","Elliot Executive","John Chen","Website","00E5w000004erLwEAI","F5(formerly Uroam )(formerly Filanet Cor","true","Low","true","RVP Central","IN",,"2019-11-09T08:00:00.000Z","Central Sales","F5(formerly Uroam )(formerly Filanet Cor 201","00E5w000004erLxEAI","2019_06","RVPCentral","00E5w000004erLvEAI","https://samennis-20200526-demo--c.documentforce.com/profilephoto/7295w000000W2ne/T","Energy","Corporate","rmontgom1590550477800@demo.user","F5(formerly Uroam )(formerly Filanet Cor","Robin Montgomery","CentralSales",,1.7878,3359000,180,2
"0015w00002DFNizAAH","00E5w000004erLxEAI/00E5w000004erM0EAI/00E5w000004erLvEAI","0065w000022R2GFAA0","Calance","https://samennis-20200526-demo--c.documentforce.com/profilephoto/7295w000000W2ne/F","Robin Montgomery",,"2020-05-27T03:52:21.000Z","Elliot Executive","0055w00000D4KBnAAN","Robin Montgomery","Robin Montgomery","Robin Montgomery/John Chen/Elliot Executive/Sam Ennis","Elliot Executive","John Chen","Community","00E5w000004erLwEAI","Calance","true","Low","true","RVP Central","TX",,"2018-07-05T07:00:00.000Z","Central Sales","Calance 28","00E5w000004erLxEAI","2019_06","RVPCentral","00E5w000004erLvEAI","https://samennis-20200526-demo--c.documentforce.com/profilephoto/7295w000000W2ne/T","Utilities","Corporate","rmontgom1590550477800@demo.user","Calance","Robin Montgomery","CentralSales",,0,3046000,241,0
"0015w00002DFNYkAAP","00E5w000004erLzEAI/00E5w000004erM0EAI/00E5w000004erLvEAI","0065w000022R23TAAS","Sales Consultants","https://samennis-20200526-demo--c.documentforce.com/profilephoto/7295w000000W2nF/F","Mary Powers",,"2020-05-27T03:51:40.000Z","Andrew Martin","0055w00000D4KBeAAN","Mary Powers","Mary Powers","Mary Powers/Andrew Martin/Elliot Executive/Sam Ennis","Andrew Martin","Andrew Martin","Referral","00E5w000004erLyEAI","Sales Consultants","true","Low","true","RVP West","AK",,"2018-08-27T07:00:00.000Z","West Sales","Sales Consultants 226","00E5w000004erLzEAI","2019_06","RVPWest","00E5w000004erLvEAI","https://samennis-20200526-demo--c.documentforce.com/profilephoto/7295w000000W2nF/T","Recreation","Corporate","mpowers1590550477739@demo.user","Sales Consultants","Mary Powers","WestSales",,0,3619000,102,0
"0015w00002DFOBwAAP","00E5w000004erLzEAI/00E5w000004erM0EAI/00E5w000004erLvEAI","0065w000022R2rxAAC","Yunker Industries","https://samennis-20200526-demo--c.documentforce.com/profilephoto/7295w000000W2nA/F","Kristen Miller",,"2020-05-27T03:56:17.000Z","Andrew Martin","0055w00000D4KBqAAN","Kristen Miller","Kristen Miller","Kristen Miller/Andrew Martin/Elliot Executive/Sam Ennis","Andrew Martin","Andrew Martin","Marketing Event","00E5w000004erLyEAI","Yunker Industries","true","Low","true","RVP West","UT",,"2019-01-25T08:00:00.000Z","West Sales","Yunker Industries 188","00E5w000004erLzEAI","2019_06","RVPWest","00E5w000004erLvEAI","https://samennis-20200526-demo--c.documentforce.com/profilephoto/7295w000000W2nA/T","Hospitality","T100","kmiller1590550477818@demo.user","Yunker Industries","Kristen Miller","WestSales",,0,4930081000,1258,0
"0015w00002DFNTWAA5","00E5w000004erLxEAI/00E5w000004erM0EAI/00E5w000004erLvEAI","0065w000022R1waAAC","Group Health Cooperative","https://samennis-20200526-demo--c.documentforce.com/profilephoto/7295w000000W2nZ/F","Michelle Stanley",,"2020-05-27T03:50:14.000Z","Elliot Executive","0055w00000D4KBrAAN","Michelle Stanley","Michelle Stanley","Michelle Stanley/John Chen/Elliot Executive/Sam Ennis","Elliot Executive","John Chen","Inbound Call","00E5w000004erLwEAI","Group Health Cooperative","true","Low","true","RVP Central","MO",,"2019-04-28T07:00:00.000Z","Central Sales","Group Health Cooperative 131","00E5w000004erLxEAI","2019_06","RVPCentral","00E5w000004erLvEAI","https://samennis-20200526-demo--c.documentforce.com/profilephoto/7295w000000W2nZ/T","Energy","Corporate","mstanley1590550477825@demo.user","Group Health Cooperative","Michelle Stanley","CentralSales",,46.2,2351000,120,46
"0015w00002DFNGIAA5","00E5w000004erLzEAI/00E5w000004erM0EAI/00E5w000004erLvEAI","0065w000022R1eCAAS","Transoft Networks","https://samennis-20200526-demo--c.documentforce.com/profilephoto/7295w000000W2nP/F","Heather Greer",,"2020-05-27T03:49:21.000Z","Andrew Martin","0055w00000D4KBpAAN","Heather Greer","Heather Greer","Heather Greer/Andrew Martin/Elliot Executive/Sam Ennis","Andrew Martin","Andrew Martin","Data.com","00E5w000004erLyEAI","Transoft Networks","true","Low","true","RVP West","WA",,"2020-03-02T08:00:00.000Z","West Sales","Transoft Networks 24","00E5w000004erLzEAI","2019_06","RVPWest","00E5w000004erLvEAI","https://samennis-20200526-demo--c.documentforce.com/profilephoto/7295w000000W2nP/T","Banking","Corporate","hgreer1590550477812@demo.user","Transoft Networks","Heather Greer","WestSales",,2.8,4868000,203,3
"0015w00002DFNTJAA5","00E5w000004erLxEAI/00E5w000004erM0EAI/00E5w000004erLvEAI","0065w000022R1wGAAS","MeadWestvaco","https://samennis-20200526-demo--c.documentforce.com/profilephoto/7295w000000W2ne/F","Robin Montgomery",,"2020-05-27T03:50:14.000Z","Elliot Executive","0055w00000D4KBnAAN","Robin Montgomery","Robin Montgomery","Robin Montgomery/John Chen/Elliot Executive/Sam Ennis","Elliot Executive","John Chen","Social Media","00E5w000004erLwEAI","MeadWestvaco","true","Low","true","RVP Central","MO",,"2020-03-02T08:00:00.000Z","Central Sales","MeadWestvaco 127","00E5w000004erLxEAI","2019_06","RVPCentral","00E5w000004erLvEAI","https://samennis-20200526-demo--c.documentforce.com/profilephoto/7295w000000W2ne/T","Other","Corporate","rmontgom1590550477800@demo.user","MeadWestvaco","Robin Montgomery","CentralSales",,0,2923000,174,0
"0015w00002DFNfVAAX","00E5w000004erM7EAI/00E5w000004erM0EAI/00E5w000004erLvEAI","0065w000022R2BnAAK","IBM Software / Tivoli / Micromuse","https://samennis-20200526-demo--c.documentforce.com/profilephoto/7295w000000W2mg/F","Kaitlyn Guerrero",,"2020-05-27T03:52:11.000Z","Edwin Tucker","0055w00000D4KBkAAN","Kaitlyn Guerrero","Kaitlyn Guerrero","Kaitlyn Guerrero/Edwin Tucker/Elliot Executive/Sam Ennis","Edwin Tucker","Edwin Tucker","Partner","00E5w000004erM5EAI","IBM Software / Tivoli / Micromuse","true","High","true","RVP East","VA",,"2020-02-07T08:00:00.000Z","East Sales","IBM Software / Tivoli / Micromuse 22","00E5w000004erM7EAI","2019_06","RVPEast","00E5w000004erLvEAI","https://samennis-20200526-demo--c.documentforce.com/profilephoto/7295w000000W2mg/T","Hospitality","Corporate","kguerrer1590550477782@demo.user","IBM Software / Tivoli / Micromuse","Kaitlyn Guerrero","EastSales",,413,9650000,8,413
"0015w00002DFNKRAA5","00E5w000004erLxEAI/00E5w000004erM0EAI/00E5w000004erLvEAI","0065w000022R1jvAAC","DCI HOLDINGS","https://samennis-20200526-demo--c.documentforce.com/profilephoto/7295w000000W2nZ/F","Michelle Stanley",,"2020-05-27T03:49:40.000Z","Elliot Executive","0055w00000D4KBrAAN","Michelle Stanley","Michelle Stanley","Michelle Stanley/John Chen/Elliot Executive/Sam Ennis","Elliot Executive","John Chen","Referral","00E5w000004erLwEAI","DCI HOLDINGS","true","Low","true","RVP Central","IL",,"2018-05-30T07:00:00.000Z","Central Sales","DCI HOLDINGS 182","00E5w000004erLxEAI","2019_07","RVPCentral","00E5w000004erLvEAI","https://samennis-20200526-demo--c.documentforce.com/profilephoto/7295w000000W2nZ/T","Shipping","Corporate","mstanley1590550477825@demo.user","DCI HOLDINGS","Michelle Stanley","CentralSales",,0,9883000,173,0
"0015w00002DFNxFAAX","00E5w000004erLzEAI/00E5w000004erM0EAI/00E5w000004erLvEAI","0065w000022R2ZYAA0","Palaver Communications","https://samennis-20200526-demo--c.documentforce.com/profilephoto/7295w000000W2nF/F","Mary Powers",,"2020-05-27T03:54:24.000Z","Andrew Martin","0055w00000D4KBeAAN","Mary Powers","Mary Powers","Mary Powers/Andrew Martin/Elliot Executive/Sam Ennis","Andrew Martin","Andrew Martin","Marketing Event","00E5w000004erLyEAI","Palaver Communications","true","Low","true","RVP West","UT",,"2018-10-29T07:00:00.000Z","West Sales","Palaver Communications 56","00E5w000004erLzEAI","2019_10","RVPWest","00E5w000004erLvEAI","https://samennis-20200526-demo--c.documentforce.com/profilephoto/7295w000000W2nF/T","Manufacturing","Corporate","mpowers1590550477739@demo.user","Palaver Communications","Mary Powers","WestSales",,1.2365,7054000,22491,1
"0015w00002DFNVoAAP","00E5w000004erLzEAI/00E5w000004erM0EAI/00E5w000004erLvEAI","0065w000022R1zaAAC","Torto Wheaton Research","https://samennis-20200526-demo--c.documentforce.com/profilephoto/7295w000000W2nK/F","Amanda Hernandez",,"2020-05-27T03:51:31.000Z","Amanda Hernandez","0055w00000D4KBfAAN","Amanda Hernandez","Amanda Hernandez","Amanda Hernandez/Andrew Martin/Elliot Executive/Sam Ennis","Amanda Hernandez","Andrew Martin","Community","00E5w000004erLyEAI","Torto Wheaton Research","true","Low","true","RVP West","UT",,"2019-05-29T07:00:00.000Z","West Sales","Torto Wheaton Research 34","00E5w000004erLzEAI","2019_10","RVPWest","00E5w000004erLvEAI","https://samennis-20200526-demo--c.documentforce.com/profilephoto/7295w000000W2nK/T","Telecommunications","Corporate","ahernand1590550477747@demo.user","Torto Wheaton Research","Amanda Hernandez","WestSales",,22.75,7306000,75,23
"0015w00002DFNTpAAP","00E5w000004erLxEAI/00E5w000004erM0EAI/00E5w000004erLvEAI","0065w000022R1wwAAC","Pimo.net","https://samennis-20200526-demo--c.documentforce.com/profilephoto/7295w000000W2mW/F","Crystal Stevens",,"2020-05-27T03:50:14.000Z","Crystal Stevens","0055w00000D4KBsAAN","Crystal Stevens","Crystal Stevens","Crystal Stevens/John Chen/Elliot Executive/Sam Ennis","Crystal Stevens","John Chen","Inbound Call","00E5w000004erLwEAI","Pimo.net","true","Low","true","RVP Central","WI",,"2018-06-17T07:00:00.000Z","Central Sales","Pimo.net 156","00E5w000004erLxEAI","2019_10","RVPCentral","00E5w000004erLvEAI","https://samennis-20200526-demo--c.documentforce.com/profilephoto/7295w000000W2mW/T","Entertainment","Corporate","cstevens1590550477831@demo.user","Pimo.net","Crystal Stevens","CentralSales",,11.808,4196000,210,12
"0015w00002DFNTWAA5","00E5w000004erLxEAI/00E5w000004erM0EAI/00E5w000004erLvEAI","0065w000022R1waAAC","Group Health Cooperative","https://samennis-20200526-demo--c.documentforce.com/profilephoto/7295w000000W2nZ/F","Michelle Stanley",,"2020-05-27T03:50:14.000Z","Elliot Executive","0055w00000D4KBrAAN","Michelle Stanley","Michelle Stanley","Michelle Stanley/John Chen/Elliot Executive/Sam Ennis","Elliot Executive","John Chen","Inbound Call","00E5w000004erLwEAI","Group Health Cooperative","true","Low","true","RVP Central","MO",,"2019-04-28T07:00:00.000Z","Central Sales","Group Health Cooperative 131","00E5w000004erLxEAI","2019_10","RVPCentral","00E5w000004erLvEAI","https://samennis-20200526-demo--c.documentforce.com/profilephoto/7295w000000W2nZ/T","Energy","Corporate","mstanley1590550477825@demo.user","Group Health Cooperative","Michelle Stanley","CentralSales",,46.2,2351000,120,46
"0015w00002DFOANAA5","00E5w000004erLzEAI/00E5w000004erM0EAI/00E5w000004erLvEAI","0065w000022R2pzAAC","First Fleet Corp","https://samennis-20200526-demo--c.documentforce.com/profilephoto/7295w000000W2nK/F","Amanda Hernandez",,"2020-05-27T03:56:04.000Z","Amanda Hernandez","0055w00000D4KBfAAN","Amanda Hernandez","Amanda Hernandez","Amanda Hernandez/Andrew Martin/Elliot Executive/Sam Ennis","Amanda Hernandez","Andrew Martin","Inbound Call","00E5w000004erLyEAI","First Fleet Corp","true","Low","true","RVP West","CA",,"2018-11-15T08:00:00.000Z","West Sales","First Fleet Corp 25","00E5w000004erLzEAI","2019_10","RVPWest","00E5w000004erLvEAI","https://samennis-20200526-demo--c.documentforce.com/profilephoto/7295w000000W2nK/T","Entertainment","T100","ahernand1590550477747@demo.user","First Fleet Corp","Amanda Hernandez","WestSales",,4.7133,4842897000,1,5
"0015w00002DFNzwAAH","00E5w000004erM7EAI/00E5w000004erM0EAI/00E5w000004erLvEAI","0065w000022R2d3AAC","advisor square","https://samennis-20200526-demo--c.documentforce.com/profilephoto/7295w000000W2mv/F","Brian Norris",,"2020-05-27T03:54:34.000Z","Brian Norris","0055w00000D4KBiAAN","Brian Norris","Brian Norris","Brian Norris/Edwin Tucker/Elliot Executive/Sam Ennis","Brian Norris","Edwin Tucker","Marketing Event","00E5w000004erM5EAI","advisor square","true","Low","true","RVP East","SC",,"2019-11-29T08:00:00.000Z","East Sales","advisor square 110","00E5w000004erM7EAI","2019_10","RVPEast","00E5w000004erLvEAI","https://samennis-20200526-demo--c.documentforce.com/profilephoto/7295w000000W2mv/T","Government","SMB","bnorris1590550477769@demo.user","advisor square","Brian Norris","EastSales",,0,39470000,148,0